377	773
377	74
377	692
377	436
377	132
773	862
773	884
773	764
773	695
798	803
798	714
798	625
798	628
798	829
803	553
803	17
803	886
803	690
520	938
520	394
520	110
520	637
520	727
938	361
938	120
938	700
938	982
49	944
49	494
49	693
49	925
49	376
944	782
944	858
944	65
944	275
87	153
87	869
87	3
87	301
87	79
153	610
153	874
153	161
153	802
447	545
447	14
447	572
447	973
447	950
545	78
545	977
545	750
545	807
760	776
760	421
760	516
760	660
760	152
776	834
776	987
776	358
776	417
351	757
351	625
351	582
351	587
351	808
757	712
757	977
757	659
757	161
878	911
878	502
878	283
878	917
878	172
911	223
911	16
911	167
911	259
180	875
180	940
180	880
180	839
180	573
875	404
875	129
875	740
875	879
609	872
609	413
609	634
609	768
609	348
872	61
872	524
872	317
872	889
515	828
515	502
515	634
515	931
515	992
828	374
828	952
828	75
828	279
122	259
122	887
122	212
122	855
122	171
259	163
259	399
259	173
95	242
95	211
95	304
95	512
95	264
242	24
242	734
242	186
242	383
231	431
231	508
231	763
231	985
231	157
431	32
431	920
431	229
431	225
74	713
74	503
74	434
74	656
713	783
713	894
713	667
713	234
427	980
427	588
427	183
427	22
427	471
980	737
980	304
980	218
980	890
631	932
631	410
631	812
631	727
631	51
932	281
932	440
932	839
932	300
162	682
162	765
162	665
162	523
162	254
682	483
682	633
682	927
682	260
72	379
72	0
72	393
72	376
72	160
379	511
379	196
379	61
379	595
235	931
235	832
235	45
235	745
235	709
931	282
931	14
931	366
824	917
824	795
824	567
824	163
824	389
917	686
917	563
917	694
522	881
522	246
522	230
522	963
522	86
881	653
881	566
881	474
881	488
96	364
96	586
96	766
96	835
96	836
364	462
364	673
364	216
364	710
528	775
528	633
528	589
528	945
528	48
775	506
775	704
775	79
775	835
339	988
339	114
339	940
339	310
339	278
988	321
988	788
988	342
988	204
332	720
332	957
332	551
332	770
332	2
720	791
720	475
720	385
720	202
354	479
354	495
354	475
354	621
354	280
479	82
479	17
479	848
479	952
746	854
746	608
746	816
746	307
746	75
854	661
854	197
854	806
854	646
261	925
261	730
261	146
261	234
261	991
925	957
925	806
925	886
755	939
755	297
755	996
755	946
755	400
939	954
939	198
939	318
939	117
155	306
155	59
155	262
155	804
155	927
306	408
306	20
306	521
306	537
371	684
371	160
371	965
371	395
371	750
684	404
684	780
684	769
684	463
644	842
644	962
644	395
644	383
644	749
842	296
842	603
842	831
842	168
343	622
343	627
343	441
343	663
343	960
622	796
622	643
622	766
622	239
196	423
196	654
196	21
196	499
423	347
423	788
423	591
423	19
683	919
683	300
683	273
683	48
683	160
919	316
919	739
919	76
919	101
903	922
903	912
903	134
903	909
903	548
922	20
922	222
922	787
922	420
34	281
34	559
34	738
34	298
34	30
281	421
281	55
281	689
860	997
860	239
860	284
860	671
860	871
997	890
997	198
997	445
997	754
820	924
820	937
820	554
820	38
820	185
924	40
924	428
924	409
924	391
61	12
61	360
61	452
365	380
365	15
365	767
365	334
365	507
380	874
380	342
380	272
380	870
229	456
229	294
229	909
229	529
456	506
456	245
456	785
456	765
303	405
303	893
303	524
303	658
303	232
405	123
405	362
405	241
405	205
382	698
382	533
382	699
382	92
382	77
698	763
698	151
698	812
698	116
796	732
796	414
796	831
796	548
513	889
513	295
513	78
513	896
513	918
889	832
889	410
889	42
278	726
278	222
278	666
278	990
726	669
726	48
726	858
726	90
887	227
887	372
887	488
887	648
464	624
464	308
464	188
464	179
464	983
624	144
624	864
624	421
624	336
503	844
503	838
503	693
503	654
844	533
844	252
844	50
844	285
51	189
51	848
51	66
51	35
189	301
189	154
189	224
189	632
260	708
260	876
260	411
260	958
708	236
708	673
708	323
708	666
333	778
333	311
333	909
333	933
333	265
778	819
778	0
778	986
778	360
237	990
237	989
237	31
237	675
237	174
990	463
990	894
990	47
409	953
409	227
409	18
409	619
953	20
953	438
953	245
953	536
585	770
585	71
585	257
585	590
585	900
770	190
770	782
770	432
124	295
124	847
124	920
124	800
124	36
295	458
295	212
295	273
819	355
819	106
819	784
819	559
890	986
890	679
890	991
453	879
453	763
453	413
453	677
453	546
879	898
879	597
879	785
223	802
223	530
223	4
223	337
671	958
671	929
671	484
671	213
958	466
958	804
958	257
164	367
164	191
164	734
164	799
164	220
367	111
367	107
367	318
367	929
222	537
222	467
222	569
537	641
537	508
537	175
163	130
163	882
163	24
533	771
533	906
533	82
246	402
246	985
246	576
246	233
667	695
667	210
667	193
667	725
695	867
695	811
695	100
190	449
190	319
190	22
190	846
236	737
236	741
236	57
236	832
737	350
737	219
737	747
862	618
862	66
862	135
862	899
48	915
48	525
915	428
915	993
915	526
915	454
250	263
250	573
250	951
250	885
250	312
263	646
263	462
263	463
263	586
606	950
606	2
606	956
606	959
606	490
950	970
950	774
950	191
272	287
272	177
272	835
272	474
287	93
287	729
287	771
287	728
15	632
15	510
15	481
15	176
588	901
588	525
588	926
588	797
901	312
901	310
901	93
901	203
653	557
653	651
653	769
653	859
791	350
791	629
791	458
791	605
425	794
425	145
425	823
425	981
425	549
794	636
794	681
794	268
794	302
90	395
90	871
90	851
90	608
395	69
395	50
608	995
608	128
608	628
995	850
995	552
995	378
995	728
374	618
374	307
374	650
374	518
421	338
421	126
912	362
912	457
912	861
912	92
129	243
129	322
129	314
129	724
243	851
243	192
243	611
243	41
225	705
225	685
225	103
225	398
705	389
705	308
705	224
705	719
146	183
146	945
146	571
146	730
183	809
183	68
183	490
255	993
255	806
255	656
255	996
255	721
993	904
993	204
993	780
13	297
13	554
13	765
13	336
13	407
297	22
297	999
297	837
739	926
739	566
739	481
739	661
926	719
926	181
926	490
525	47
525	448
525	142
904	591
904	690
904	284
904	542
571	704
571	182
571	435
571	702
704	519
704	973
704	145
208	652
208	500
208	701
208	127
208	191
652	108
652	416
652	414
652	53
20	830
20	983
830	786
830	187
830	732
830	664
443	555
443	764
443	743
443	810
443	218
555	446
555	159
555	424
555	491
344	396
344	65
344	626
344	814
344	285
396	907
396	136
396	871
396	532
293	610
293	921
293	581
293	419
293	271
610	853
610	941
610	777
187	449
187	595
187	838
187	846
449	882
449	216
449	643
247	500
247	219
247	996
247	249
247	570
500	110
500	397
500	68
85	172
85	967
85	514
85	63
85	670
172	473
172	763
172	735
40	837
40	586
40	370
40	239
285	346
285	11
285	277
346	459
346	526
346	175
346	186
105	910
105	118
105	483
105	215
105	777
910	581
910	348
910	788
910	57
767	880
767	329
767	30
767	486
880	675
880	745
880	178
35	845
35	797
35	685
35	268
845	801
845	269
845	781
845	599
147	232
147	130
147	825
147	615
147	717
232	327
232	43
232	871
32	728
32	741
32	839
32	750
940	659
940	134
940	534
57	195
57	809
57	148
195	86
195	178
195	428
195	199
389	385
389	52
389	99
563	592
563	620
563	530
563	752
592	861
592	16
592	971
592	895
6	787
6	812
6	723
6	156
6	685
787	817
787	37
787	221
400	943
400	184
400	799
400	467
943	660
943	680
943	546
943	483
145	982
145	244
145	116
982	928
982	795
982	733
203	923
203	265
203	36
203	692
923	14
923	347
923	181
923	226
404	474
404	136
404	865
511	415
511	897
511	735
511	424
792	829
792	154
792	843
792	166
792	968
829	372
829	435
829	613
967	900
967	816
967	802
967	45
288	738
288	324
288	188
288	438
288	330
738	82
738	962
738	604
256	440
256	228
256	422
256	549
256	745
440	934
440	216
440	228
529	864
529	92
529	800
529	1
864	353
864	564
864	935
123	839
123	54
123	564
123	810
116	137
116	432
116	577
137	42
137	883
137	357
137	876
319	725
319	589
319	325
319	23
725	121
725	477
725	292
135	150
135	822
135	625
135	674
150	292
150	481
150	558
150	751
375	397
375	927
375	686
375	499
375	743
397	276
397	406
397	664
82	898
82	217
898	17
898	324
898	309
370	956
370	812
370	719
370	512
956	267
956	534
956	411
233	313
233	267
233	424
233	128
313	336
313	668
313	258
313	750
811	927
811	611
811	908
811	209
927	977
489	913
489	517
489	605
489	886
489	863
913	387
913	415
913	846
913	81
276	540
276	696
276	945
276	856
540	388
540	497
540	727
540	949
154	514
154	541
154	199
514	954
514	565
514	897
493	883
493	168
493	782
493	157
493	7
883	402
883	53
883	64
11	465
11	29
11	141
11	98
465	107
465	38
465	827
465	345
800	805
800	214
800	866
805	804
805	171
805	614
805	277
647	712
647	868
647	159
647	651
647	411
712	999
712	575
712	439
486	758
486	891
486	691
486	687
758	615
758	283
758	305
758	602
851	817
851	974
851	964
633	777
633	865
633	762
777	914
777	586
604	979
604	181
604	62
604	157
979	73
979	401
979	132
979	896
390	641
390	214
390	888
390	616
390	100
641	900
641	670
641	783
812	534
869	369
869	36
869	495
869	457
417	744
417	517
417	471
417	849
744	810
744	67
744	275
744	334
782	649
782	831
439	948
439	414
439	617
439	392
948	238
948	317
948	815
948	315
422	450
422	429
422	320
422	858
450	349
450	557
450	26
450	89
861	323
861	253
861	21
73	970
73	104
73	989
73	847
970	984
970	47
970	711
575	808
575	963
575	240
575	884
808	133
808	314
808	614
308	240
308	52
308	639
80	191
80	642
80	657
80	338
80	356
191	376
292	587
292	568
292	700
834	959
834	936
834	612
834	483
322	484
322	497
322	499
322	414
484	702
484	360
484	307
33	381
33	452
33	345
33	521
33	31
381	635
381	673
381	301
381	337
286	561
286	394
286	88
286	562
286	756
561	717
561	837
561	706
561	685
133	468
133	473
133	299
133	542
468	407
468	110
468	269
468	789
534	780
534	361
19	217
19	120
19	949
19	752
217	403
217	357
217	689
452	593
452	654
452	362
593	470
593	200
593	512
593	28
586	717
99	591
99	723
99	461
99	905
591	690
591	693
194	334
194	102
194	501
194	638
194	430
334	717
334	161
517	989
517	572
517	656
438	960
438	117
438	539
960	238
960	868
960	741
3	623
3	160
3	815
3	795
623	282
623	79
623	251
623	501
446	855
446	226
446	572
446	827
296	876
296	790
296	318
296	852
876	784
876	2
219	53
219	942
219	994
230	340
230	342
230	949
230	906
530	634
530	802
530	694
634	972
634	269
207	538
207	636
207	275
207	388
207	863
538	632
538	312
538	316
538	471
93	507
93	566
93	813
920	328
920	745
920	149
267	384
267	462
267	25
118	857
118	598
118	433
118	523
173	661
173	373
173	992
173	963
661	759
661	326
795	508
795	696
266	480
266	601
266	859
266	548
266	435
480	858
480	504
480	64
480	55
599	769
599	584
599	201
599	494
769	249
769	668
894	952
894	987
894	732
952	366
952	590
169	547
169	305
169	859
169	687
169	598
547	299
547	496
547	741
547	23
497	736
497	629
497	841
130	403
130	387
130	969
307	597
307	827
597	328
597	115
597	929
521	706
521	865
521	436
706	895
706	657
706	492
170	857
170	553
170	687
170	18
170	143
857	244
857	81
857	8
92	709
92	39
394	740
394	700
394	224
26	992
26	596
26	729
26	280
992	0
992	274
550	998
550	41
550	969
550	512
550	214
998	660
998	314
998	330
998	102
459	996
459	942
459	639
459	485
996	687
185	756
185	435
185	88
185	245
756	840
756	472
756	731
601	729
601	816
601	724
601	645
373	804
373	17
373	340
373	258
801	202
801	627
801	816
801	289
900	666
900	877
424	448
424	578
192	388
192	559
192	613
192	870
131	376
131	111
131	703
131	244
131	574
376	58
126	935
126	341
126	200
126	679
935	976
935	965
935	444
341	451
341	673
341	469
341	612
451	368
451	0
451	326
451	621
685	143
45	309
45	946
45	353
309	577
309	697
309	282
764	707
764	562
764	802
494	809
494	284
494	89
809	262
809	681
636	668
636	937
636	264
91	461
91	836
91	897
91	743
91	976
461	393
461	202
461	94
128	300
128	986
128	937
437	689
437	882
437	175
437	206
437	975
689	895
689	985
64	852
64	17
64	504
852	139
852	627
852	283
506	639
506	941
506	702
639	519
639	762
347	907
347	946
347	495
282	335
282	251
221	692
221	472
221	441
221	358
692	548
692	112
596	487
596	675
596	492
596	357
388	498
388	201
865	472
865	532
419	527
419	441
419	849
419	413
527	253
527	884
527	867
527	584
62	784
62	324
62	600
62	602
784	648
784	691
262	193
262	779
262	420
806	856
806	299
167	168
167	30
167	498
167	331
168	369
168	630
490	672
490	543
672	212
672	430
672	933
672	310
316	556
316	143
316	234
556	294
556	733
556	716
556	434
718	981
718	972
718	766
718	298
718	345
981	668
981	257
981	216
740	466
740	165
740	581
290	768
290	210
290	320
290	613
290	999
768	962
768	774
768	487
832	279
832	31
564	779
564	46
564	39
779	762
779	716
779	892
311	574
311	466
311	174
311	97
983	991
983	941
983	568
991	719
991	455
618	304
618	814
618	258
605	184
605	39
605	850
665	681
665	352
665	885
665	418
681	391
681	885
418	581
418	420
418	616
418	840
581	972
895	701
895	151
369	748
369	29
369	562
462	587
462	477
587	386
587	583
567	789
567	358
567	211
567	24
789	202
789	909
789	504
772	929
772	734
772	368
772	132
772	67
929	81
560	750
560	566
560	711
560	478
560	790
350	914
350	182
350	488
907	603
907	71
907	549
415	535
415	429
415	140
384	617
384	961
384	657
384	843
78	368
78	301
78	558
368	378
368	523
483	891
562	975
562	279
975	127
975	59
975	342
502	759
502	14
502	159
174	570
174	398
174	254
570	270
570	578
570	279
414	627
999	467
999	213
83	568
83	426
83	825
83	200
83	134
568	142
568	361
474	551
474	9
642	109
642	649
642	0
642	268
723	785
723	84
723	201
785	387
785	976
107	516
107	629
107	949
516	416
516	326
516	822
615	657
615	4
615	470
657	387
151	702
151	270
151	974
702	352
68	933
68	152
68	969
933	161
933	454
435	193
617	637
617	716
617	961
88	539
88	891
88	589
539	248
539	9
539	487
338	166
338	356
338	518
202	441
573	699
573	330
573	781
321	337
321	209
321	472
321	874
337	466
337	121
289	793
289	114
289	696
289	359
793	882
793	578
793	216
793	676
625	71
625	488
432	433
432	448
432	945
433	906
433	156
433	509
50	139
50	12
50	430
139	119
139	966
139	635
728	257
728	215
227	359
227	112
227	968
473	55
473	31
473	358
270	178
270	918
270	240
181	478
181	444
478	460
478	714
478	699
847	460
847	590
847	942
551	5
551	818
551	84
714	393
714	158
714	557
884	8
884	66
962	10
962	165
54	868
54	743
54	94
54	557
868	677
868	463
543	916
543	44
543	853
543	885
916	436
916	532
916	132
916	955
790	936
790	552
790	731
936	669
936	742
936	822
660	747
660	752
386	703
386	583
386	951
386	42
703	406
703	265
703	211
989	16
989	121
184	84
184	536
184	888
104	496
104	179
104	576
104	138
496	590
496	111
496	241
239	275
239	205
275	27
198	141
198	508
198	300
100	611
100	843
100	649
611	716
611	984
482	676
482	658
482	442
482	476
482	949
676	572
676	38
676	251
114	280
114	252
114	849
280	715
280	669
212	119
212	507
21	583
21	815
21	666
583	429
583	620
673	117
132	679
679	60
679	866
300	954
741	877
200	325
200	158
325	731
325	70
325	505
4	398
4	697
4	669
109	408
109	410
109	455
109	143
408	448
408	722
408	635
86	966
86	582
86	140
987	628
987	579
987	735
477	574
477	324
477	251
574	753
574	510
106	518
106	197
106	762
106	315
518	402
518	542
335	329
335	603
335	46
335	119
553	978
553	402
553	257
978	138
978	666
978	572
978	455
44	546
44	165
44	277
44	355
372	674
372	149
372	822
674	58
674	680
674	22
144	401
144	678
144	238
144	531
401	541
401	398
401	677
748	994
748	348
748	9
748	1
481	498
481	707
328	716
328	730
328	947
715	747
715	393
715	79
715	148
747	971
747	177
65	751
65	46
65	42
751	392
751	166
751	544
298	724
298	710
298	742
724	700
724	946
193	816
193	840
810	965
810	23
839	959
103	159
103	736
103	294
103	526
487	171
487	946
228	499
228	655
228	961
399	632
399	546
399	156
399	5
632	403
891	701
891	722
76	387
76	629
76	815
76	549
59	722
59	582
59	616
986	759
986	984
249	315
249	98
249	240
315	662
315	205
279	589
52	524
52	264
52	985
524	584
524	27
336	544
336	546
302	964
302	329
302	694
302	959
964	179
964	821
964	519
101	416
101	188
101	873
101	973
416	102
416	565
858	27
138	457
138	843
138	934
694	930
694	434
930	492
930	383
930	565
930	896
224	752
224	826
752	67
353	637
353	607
353	420
637	955
637	392
58	460
58	934
58	271
460	721
460	141
113	512
113	669
113	526
113	969
113	176
817	893
817	576
817	241
893	469
893	102
893	928
12	874
12	248
12	651
874	825
629	870
16	206
16	199
206	248
206	407
206	626
843	877
475	690
475	171
475	160
94	125
94	43
94	598
125	498
125	866
125	43
125	826
253	69
253	366
253	136
815	25
508	866
696	66
696	963
27	838
27	30
352	914
352	873
352	655
914	317
914	320
121	264
121	813
264	327
312	469
312	383
469	664
469	60
825	974
825	662
360	774
360	902
774	620
774	602
211	766
211	579
492	117
492	576
959	691
582	947
582	209
81	721
81	197
721	559
721	24
410	710
410	165
179	241
179	863
954	274
954	5
472	149
320	594
320	643
594	814
594	892
594	840
594	541
677	519
677	580
595	56
595	220
595	722
729	655
729	186
67	535
67	391
535	108
535	709
535	271
97	786
97	505
97	120
97	454
786	37
786	856
786	693
426	733
426	102
426	89
426	664
733	60
733	115
197	166
197	837
10	638
10	398
10	254
10	41
638	115
638	909
638	28
47	965
47	491
965	294
108	835
108	707
108	245
467	686
467	753
391	31
391	491
659	841
659	614
659	23
210	134
210	678
210	149
877	53
877	444
366	25
366	77
804	928
25	7
25	651
897	361
897	299
763	971
719	323
18	241
18	37
18	359
402	761
761	797
761	602
761	710
761	175
331	966
331	635
331	444
331	620
966	603
966	471
668	678
218	680
218	558
218	675
680	691
680	749
441	565
566	314
690	896
77	826
77	937
77	984
826	69
826	248
552	554
552	797
552	658
314	36
385	649
385	619
385	378
649	646
754	781
754	159
754	656
754	569
781	445
781	709
327	39
327	98
327	157
584	743
584	509
554	783
554	780
934	700
934	323
701	598
701	445
56	501
56	457
56	846
56	329
577	855
577	736
577	906
855	148
855	867
294	658
152	977
152	548
152	363
977	63
41	445
41	182
429	505
429	863
413	142
413	856
626	753
626	119
626	603
753	831
753	141
37	209
37	799
209	215
142	640
142	165
640	994
640	412
640	866
640	921
557	645
797	654
240	822
838	234
838	662
220	362
220	783
220	28
628	670
628	291
821	277
821	407
821	848
821	115
499	504
504	707
329	393
947	846
947	268
947	463
9	268
9	349
471	507
840	833
46	305
46	442
119	850
317	663
317	951
871	697
836	849
836	442
836	711
304	330
304	951
691	928
519	2
853	882
853	470
853	166
937	616
466	771
458	730
458	678
458	749
406	301
406	841
406	60
730	688
941	392
941	607
252	501
252	495
252	269
501	8
120	318
120	66
318	531
361	569
274	412
274	580
274	655
412	921
412	906
412	630
765	226
765	89
63	340
63	186
63	357
627	735
98	600
98	678
600	470
600	899
600	182
24	140
470	111
324	510
621	762
621	921
621	580
985	670
182	709
244	273
244	310
807	888
807	902
807	619
807	699
888	505
888	736
589	532
111	176
707	204
349	833
349	1
349	485
833	358
833	602
833	783
43	620
43	205
635	310
837	961
693	363
39	383
115	7
942	75
942	848
648	957
648	526
648	735
957	542
957	355
157	531
590	607
607	921
607	213
722	28
277	436
273	442
273	363
442	850
14	392
42	732
759	549
759	742
444	656
265	476
265	896
619	630
619	908
699	158
994	403
994	141
2	823
823	813
823	578
823	742
542	544
544	362
544	788
283	616
283	140
731	8
731	134
127	7
127	430
127	850
448	510
148	509
148	905
509	53
509	345
342	411
411	867
841	488
841	928
510	188
22	140
445	814
498	955
558	645
558	356
645	523
645	23
963	688
75	771
75	651
248	428
28	908
136	969
136	918
686	565
686	579
643	835
643	238
299	849
38	363
38	213
363	199
30	870
818	968
818	204
818	434
818	899
968	848
968	886
885	436
579	892
579	69
143	576
89	156
156	476
454	663
454	732
663	813
663	697
178	215
178	827
149	749
348	870
348	284
559	675
945	340
745	161
158	269
158	110
284	340
254	827
254	177
658	112
355	899
355	403
771	974
541	55
541	892
670	799
734	291
734	112
974	902
736	831
507	29
117	908
961	650
780	291
908	70
323	971
5	918
5	688
688	175
688	238
455	873
455	213
873	580
873	428
29	886
29	813
578	799
430	79
84	662
84	60
955	717
955	485
788	687
291	598
291	976
867	305
36	902
902	305
972	476
972	359
258	532
258	357
214	976
214	485
326	569
326	905
569	654
531	70
531	177
204	899
188	905
905	55
71	646
71	766
69	650
70	476
70	201
226	345
226	612
856	112
646	176
201	727
650	742
650	495
655	491
110	711
749	177
356	951
356	630
434	859
859	205
711	271
407	536
614	612
614	234
697	630
1	580
1	727
984	171
505	245
330	176
710	251
814	8
491	536
971	918
378	485
378	973
199	892
863	664
536	457
420	215
662	613
973	359
523	186
7	612
613	271
