0	1
0	2
0	3
0	4
0	290
1	2
1	3
1	4
1	980
2	3
2	4
2	818
3	4
3	898
4	498
5	6
5	7
5	8
5	9
5	396
6	7
6	8
6	9
6	768
7	8
7	9
7	748
8	9
8	134
9	464
10	11
10	12
10	13
10	14
10	852
11	12
11	13
11	14
11	430
12	13
12	14
12	186
13	14
13	708
14	247
15	16
15	17
15	18
15	19
15	214
16	17
16	18
16	19
16	111
17	18
17	19
17	149
18	19
18	749
19	222
20	21
20	22
20	23
20	24
20	242
21	22
21	23
21	24
21	73
22	23
22	24
22	695
23	24
23	854
24	181
25	26
25	27
25	28
25	29
25	232
26	27
26	28
26	29
26	792
27	28
27	29
27	129
28	29
28	367
29	772
30	31
30	32
30	33
30	34
30	329
31	32
31	33
31	34
31	880
32	33
32	34
32	633
33	34
33	991
34	553
35	36
35	37
35	38
35	39
35	630
36	37
36	38
36	39
36	865
37	38
37	39
37	968
38	39
38	555
39	932
40	41
40	42
40	43
40	44
40	537
41	42
41	43
41	44
41	635
42	43
42	44
42	769
43	44
43	984
44	391
45	46
45	47
45	48
45	49
45	700
46	47
46	48
46	49
46	705
47	48
47	49
47	661
48	49
48	825
49	346
50	51
50	52
50	53
50	54
50	848
51	52
51	53
51	54
51	972
52	53
52	54
52	864
53	54
53	521
54	330
55	56
55	57
55	58
55	59
55	411
56	57
56	58
56	59
56	191
57	58
57	59
57	262
58	59
58	628
59	820
60	61
60	62
60	63
60	64
60	682
61	62
61	63
61	64
61	536
62	63
62	64
62	587
63	64
63	922
64	187
65	66
65	67
65	68
65	69
65	204
66	67
66	68
66	69
66	744
67	68
67	69
67	414
68	69
68	844
69	870
70	71
70	72
70	73
70	74
70	192
71	72
71	73
71	74
71	872
72	73
72	74
72	475
73	74
74	704
75	76
75	77
75	78
75	79
75	640
76	77
76	78
76	79
76	600
77	78
77	79
77	722
78	79
78	660
79	345
80	81
80	82
80	83
80	84
80	417
81	82
81	83
81	84
81	240
82	83
82	84
82	742
83	84
83	617
84	374
85	86
85	87
85	88
85	89
85	444
86	87
86	88
86	89
86	466
87	88
87	89
87	963
88	89
88	858
89	992
90	91
90	92
90	93
90	94
90	344
91	92
91	93
91	94
91	677
92	93
92	94
92	592
93	94
93	280
94	823
95	96
95	97
95	98
95	99
95	480
96	97
96	98
96	99
96	737
97	98
97	99
97	486
98	99
98	904
99	218
100	101
100	102
100	103
100	104
100	753
101	102
101	103
101	104
101	313
102	103
102	104
102	364
103	104
103	771
104	159
105	106
105	107
105	108
105	109
105	197
106	107
106	108
106	109
106	839
107	108
107	109
107	723
108	109
108	786
109	451
110	111
110	112
110	113
110	114
110	998
111	112
111	113
111	114
112	113
112	114
112	725
113	114
113	169
114	365
115	116
115	117
115	118
115	119
115	566
116	117
116	118
116	119
116	584
117	118
117	119
117	787
118	119
118	478
119	397
120	121
120	122
120	123
120	124
120	296
121	122
121	123
121	124
121	333
122	123
122	124
122	572
123	124
123	805
124	415
125	126
125	127
125	128
125	129
125	901
126	127
126	128
126	129
126	724
127	128
127	129
127	619
128	129
128	259
130	131
130	132
130	133
130	134
130	254
131	132
131	133
131	134
131	875
132	133
132	134
132	356
133	134
133	703
135	136
135	137
135	138
135	139
135	795
136	137
136	138
136	139
136	223
137	138
137	139
137	395
138	139
138	476
139	166
140	141
140	142
140	143
140	144
140	235
141	142
141	143
141	144
141	279
142	143
142	144
142	701
143	144
143	541
144	311
145	146
145	147
145	148
145	149
145	175
146	147
146	148
146	149
146	610
147	148
147	149
147	379
148	149
148	782
150	151
150	152
150	153
150	154
150	206
151	152
151	153
151	154
151	902
152	153
152	154
152	644
153	154
153	283
154	776
155	156
155	157
155	158
155	159
155	209
156	157
156	158
156	159
156	849
157	158
157	159
157	641
158	159
158	686
160	161
160	162
160	163
160	164
160	987
161	162
161	163
161	164
161	892
162	163
162	164
162	215
163	164
163	943
164	851
165	166
165	167
165	168
165	169
165	508
166	167
166	168
166	169
167	168
167	169
167	985
168	169
168	488
170	171
170	172
170	173
170	174
170	702
171	172
171	173
171	174
171	270
172	173
172	174
172	734
173	174
173	590
174	326
175	176
175	177
175	178
175	179
176	177
176	178
176	179
176	950
177	178
177	179
177	612
178	179
178	519
179	821
180	181
180	182
180	183
180	184
180	731
181	182
181	183
181	184
182	183
182	184
182	241
183	184
183	579
184	472
185	186
185	187
185	188
185	189
185	945
186	187
186	188
186	189
187	188
187	189
188	189
188	629
189	970
190	191
190	192
190	193
190	194
190	565
191	192
191	193
191	194
192	193
192	194
193	194
193	890
194	860
195	196
195	197
195	198
195	199
195	372
196	197
196	198
196	199
196	401
197	198
197	199
198	199
198	766
199	448
200	201
200	202
200	203
200	204
200	315
201	202
201	203
201	204
201	868
202	203
202	204
202	394
203	204
203	424
205	206
205	207
205	208
205	209
205	757
206	207
206	208
206	209
207	208
207	209
207	291
208	209
208	956
210	211
210	212
210	213
210	214
210	243
211	212
211	213
211	214
211	523
212	213
212	214
212	380
213	214
213	224
215	216
215	217
215	218
215	219
216	217
216	218
216	219
216	687
217	218
217	219
217	990
218	219
219	907
220	221
220	222
220	223
220	224
220	811
221	222
221	223
221	224
221	788
222	223
222	224
223	224
225	226
225	227
225	228
225	229
225	433
226	227
226	228
226	229
226	421
227	228
227	229
227	693
228	229
228	699
229	905
230	231
230	232
230	233
230	234
230	698
231	232
231	233
231	234
231	856
232	233
232	234
233	234
233	936
234	924
235	236
235	237
235	238
235	239
236	237
236	238
236	239
236	529
237	238
237	239
237	781
238	239
238	485
239	370
240	241
240	242
240	243
240	244
241	242
241	243
241	244
242	243
242	244
243	244
244	334
245	246
245	247
245	248
245	249
245	436
246	247
246	248
246	249
246	803
247	248
247	249
248	249
248	763
249	738
250	251
250	252
250	253
250	254
250	351
251	252
251	253
251	254
251	719
252	253
252	254
252	765
253	254
253	467
255	256
255	257
255	258
255	259
255	583
256	257
256	258
256	259
256	954
257	258
257	259
257	324
258	259
258	595
260	261
260	262
260	263
260	264
260	300
261	262
261	263
261	264
261	406
262	263
262	264
263	264
263	528
264	331
265	266
265	267
265	268
265	269
265	646
266	267
266	268
266	269
266	387
267	268
267	269
267	308
268	269
268	920
269	735
270	271
270	272
270	273
270	274
271	272
271	273
271	274
271	888
272	273
272	274
272	626
273	274
273	830
274	456
275	276
275	277
275	278
275	279
275	861
276	277
276	278
276	279
276	473
277	278
277	279
277	977
278	279
278	672
280	281
280	282
280	283
280	284
281	282
281	283
281	284
281	955
282	283
282	284
282	382
283	284
284	846
285	286
285	287
285	288
285	289
285	808
286	287
286	288
286	289
286	357
287	288
287	289
287	770
288	289
288	625
289	732
290	291
290	292
290	293
290	294
291	292
291	293
291	294
292	293
292	294
292	468
293	294
293	784
294	539
295	296
295	297
295	298
295	299
295	500
296	297
296	298
296	299
297	298
297	299
297	460
298	299
298	458
299	837
300	301
300	302
300	303
300	304
301	302
301	303
301	304
301	598
302	303
302	304
302	706
303	304
303	684
304	547
305	306
305	307
305	308
305	309
305	520
306	307
306	308
306	309
306	850
307	308
307	309
307	690
308	309
309	666
310	311
310	312
310	313
310	314
310	900
311	312
311	313
311	314
312	313
312	314
312	940
313	314
314	368
315	316
315	317
315	318
315	319
316	317
316	318
316	319
316	332
317	318
317	319
317	567
318	319
318	891
319	347
320	321
320	322
320	323
320	324
320	593
321	322
321	323
321	324
321	973
322	323
322	324
322	802
323	324
323	455
325	326
325	327
325	328
325	329
325	944
326	327
326	328
326	329
327	328
327	329
327	969
328	329
328	946
330	331
330	332
330	333
330	334
331	332
331	333
331	334
332	333
332	334
333	334
335	336
335	337
335	338
335	339
335	446
336	337
336	338
336	339
336	398
337	338
337	339
337	857
338	339
338	512
339	775
340	341
340	342
340	343
340	344
340	477
341	342
341	343
341	344
341	664
342	343
342	344
342	993
343	344
343	400
345	346
345	347
345	348
345	349
346	347
346	348
346	349
347	348
347	349
348	349
348	499
349	535
350	351
350	352
350	353
350	354
350	707
351	352
351	353
351	354
352	353
352	354
352	437
353	354
353	504
354	516
355	356
355	357
355	358
355	359
355	470
356	357
356	358
356	359
357	358
357	359
358	359
358	842
359	574
360	361
360	362
360	363
360	364
360	490
361	362
361	363
361	364
361	697
362	363
362	364
362	676
363	364
363	927
365	366
365	367
365	368
365	369
366	367
366	368
366	369
366	494
367	368
367	369
368	369
369	688
370	371
370	372
370	373
370	374
371	372
371	373
371	374
371	605
372	373
372	374
373	374
373	743
375	376
375	377
375	378
375	379
375	959
376	377
376	378
376	379
376	627
377	378
377	379
377	603
378	379
378	632
380	381
380	382
380	383
380	384
381	382
381	383
381	384
381	675
382	383
382	384
383	384
383	613
384	560
385	386
385	387
385	388
385	389
385	575
386	387
386	388
386	389
386	836
387	388
387	389
388	389
388	662
389	745
390	391
390	392
390	393
390	394
390	938
391	392
391	393
391	394
392	393
392	394
392	474
393	394
393	404
395	396
395	397
395	398
395	399
396	397
396	398
396	399
397	398
397	399
398	399
399	428
400	401
400	402
400	403
400	404
401	402
401	403
401	404
402	403
402	404
402	894
403	404
403	859
405	406
405	407
405	408
405	409
405	895
406	407
406	408
406	409
407	408
407	409
407	966
408	409
408	915
409	573
410	411
410	412
410	413
410	414
410	741
411	412
411	413
411	414
412	413
412	414
412	639
413	414
413	673
415	416
415	417
415	418
415	419
416	417
416	418
416	419
416	925
417	418
417	419
418	419
418	692
419	996
420	421
420	422
420	423
420	424
420	882
421	422
421	423
421	424
422	423
422	424
422	878
423	424
423	826
425	426
425	427
425	428
425	429
425	783
426	427
426	428
426	429
426	611
427	428
427	429
427	794
428	429
429	974
430	431
430	432
430	433
430	434
431	432
431	433
431	434
431	665
432	433
432	434
432	548
433	434
434	958
435	436
435	437
435	438
435	439
435	813
436	437
436	438
436	439
437	438
437	439
438	439
438	871
439	582
440	441
440	442
440	443
440	444
440	607
441	442
441	443
441	444
441	551
442	443
442	444
442	709
443	444
443	714
445	446
445	447
445	448
445	449
445	933
446	447
446	448
446	449
447	448
447	449
447	755
448	449
449	483
450	451
450	452
450	453
450	454
450	514
451	452
451	453
451	454
452	453
452	454
452	634
453	454
453	545
454	623
455	456
455	457
455	458
455	459
456	457
456	458
456	459
457	458
457	459
457	534
458	459
459	479
460	461
460	462
460	463
460	464
461	462
461	463
461	464
461	526
462	463
462	464
462	806
463	464
463	550
465	466
465	467
465	468
465	469
465	800
466	467
466	468
466	469
467	468
467	469
468	469
469	671
470	471
470	472
470	473
470	474
471	472
471	473
471	474
471	982
472	473
472	474
473	474
475	476
475	477
475	478
475	479
476	477
476	478
476	479
477	478
477	479
478	479
480	481
480	482
480	483
480	484
481	482
481	483
481	484
481	601
482	483
482	484
482	845
483	484
484	828
485	486
485	487
485	488
485	489
486	487
486	488
486	489
487	488
487	489
487	791
488	489
489	618
490	491
490	492
490	493
490	494
491	492
491	493
491	494
491	594
492	493
492	494
492	669
493	494
493	615
495	496
495	497
495	498
495	499
495	631
496	497
496	498
496	499
496	889
497	498
497	499
497	774
498	499
500	501
500	502
500	503
500	504
501	502
501	503
501	504
501	663
502	503
502	504
502	910
503	504
503	620
505	506
505	507
505	508
505	509
505	562
506	507
506	508
506	509
506	739
507	508
507	509
507	559
508	509
509	833
510	511
510	512
510	513
510	514
510	934
511	512
511	513
511	514
511	817
512	513
512	514
513	514
513	549
515	516
515	517
515	518
515	519
515	580
516	517
516	518
516	519
517	518
517	519
517	866
518	519
518	843
520	521
520	522
520	523
520	524
521	522
521	523
521	524
522	523
522	524
522	919
523	524
524	712
525	526
525	527
525	528
525	529
525	596
526	527
526	528
526	529
527	528
527	529
527	931
528	529
530	531
530	532
530	533
530	534
530	835
531	532
531	533
531	534
531	589
532	533
532	534
532	543
533	534
533	680
535	536
535	537
535	538
535	539
536	537
536	538
536	539
537	538
537	539
538	539
538	621
540	541
540	542
540	543
540	544
540	773
541	542
541	543
541	544
542	543
542	544
542	824
543	544
544	942
545	546
545	547
545	548
545	549
546	547
546	548
546	549
546	780
547	548
547	549
548	549
550	551
550	552
550	553
550	554
551	552
551	553
551	554
552	553
552	554
552	988
553	554
554	796
555	556
555	557
555	558
555	559
556	557
556	558
556	559
556	994
557	558
557	559
557	883
558	559
558	729
560	561
560	562
560	563
560	564
561	562
561	563
561	564
561	581
562	563
562	564
563	564
563	935
564	983
565	566
565	567
565	568
565	569
566	567
566	568
566	569
567	568
567	569
568	569
568	798
569	645
570	571
570	572
570	573
570	574
570	642
571	572
571	573
571	574
571	599
572	573
572	574
573	574
575	576
575	577
575	578
575	579
576	577
576	578
576	579
576	917
577	578
577	579
577	711
578	579
578	885
580	581
580	582
580	583
580	584
581	582
581	583
581	584
582	583
582	584
583	584
585	586
585	587
585	588
585	589
585	718
586	587
586	588
586	589
586	779
587	588
587	589
588	589
588	754
590	591
590	592
590	593
590	594
591	592
591	593
591	594
591	636
592	593
592	594
593	594
595	596
595	597
595	598
595	599
596	597
596	598
596	599
597	598
597	599
597	799
598	599
600	601
600	602
600	603
600	604
601	602
601	603
601	604
602	603
602	604
602	667
603	604
604	853
605	606
605	607
605	608
605	609
606	607
606	608
606	609
606	906
607	608
607	609
608	609
608	896
609	652
610	611
610	612
610	613
610	614
611	612
611	613
611	614
612	613
612	614
613	614
614	879
615	616
615	617
615	618
615	619
616	617
616	618
616	619
616	760
617	618
617	619
618	619
620	621
620	622
620	623
620	624
621	622
621	623
621	624
622	623
622	624
622	962
623	624
624	948
625	626
625	627
625	628
625	629
626	627
626	628
626	629
627	628
627	629
628	629
630	631
630	632
630	633
630	634
631	632
631	633
631	634
632	633
632	634
633	634
635	636
635	637
635	638
635	639
636	637
636	638
636	639
637	638
637	639
637	804
638	639
638	893
640	641
640	642
640	643
640	644
641	642
641	643
641	644
642	643
642	644
643	644
643	764
645	646
645	647
645	648
645	649
646	647
646	648
646	649
647	648
647	649
647	651
648	649
648	762
649	790
650	651
650	652
650	653
650	654
650	926
651	652
651	653
651	654
652	653
652	654
653	654
653	717
654	981
655	656
655	657
655	658
655	659
655	928
656	657
656	658
656	659
656	829
657	658
657	659
657	975
658	659
658	767
659	728
660	661
660	662
660	663
660	664
661	662
661	663
661	664
662	663
662	664
663	664
665	666
665	667
665	668
665	669
666	667
666	668
666	669
667	668
667	669
668	669
668	876
670	671
670	672
670	673
670	674
670	736
671	672
671	673
671	674
672	673
672	674
673	674
674	777
675	676
675	677
675	678
675	679
676	677
676	678
676	679
677	678
677	679
678	679
678	862
679	947
680	681
680	682
680	683
680	684
681	682
681	683
681	684
681	923
682	683
682	684
683	684
683	960
685	686
685	687
685	688
685	689
685	838
686	687
686	688
686	689
687	688
687	689
688	689
689	967
690	691
690	692
690	693
690	694
691	692
691	693
691	694
691	761
692	693
692	694
693	694
694	841
695	696
695	697
695	698
695	699
696	697
696	698
696	699
696	810
697	698
697	699
698	699
700	701
700	702
700	703
700	704
701	702
701	703
701	704
702	703
702	704
703	704
705	706
705	707
705	708
705	709
706	707
706	708
706	709
707	708
707	709
708	709
710	711
710	712
710	713
710	714
710	752
711	712
711	713
711	714
712	713
712	714
713	714
713	815
715	716
715	717
715	718
715	719
715	971
716	717
716	718
716	719
716	867
717	718
717	719
718	719
720	721
720	722
720	723
720	724
720	999
721	722
721	723
721	724
721	789
722	723
722	724
723	724
725	726
725	727
725	728
725	729
726	727
726	728
726	729
726	847
727	728
727	729
727	793
728	729
730	731
730	732
730	733
730	734
730	881
731	732
731	733
731	734
732	733
732	734
733	734
733	869
735	736
735	737
735	738
735	739
736	737
736	738
736	739
737	738
737	739
738	739
740	741
740	742
740	743
740	744
740	778
741	742
741	743
741	744
742	743
742	744
743	744
745	746
745	747
745	748
745	749
746	747
746	748
746	749
746	913
747	748
747	749
747	801
748	749
750	751
750	752
750	753
750	754
750	911
751	752
751	753
751	754
751	819
752	753
752	754
753	754
755	756
755	757
755	758
755	759
756	757
756	758
756	759
756	989
757	758
757	759
758	759
758	949
759	916
760	761
760	762
760	763
760	764
761	762
761	763
761	764
762	763
762	764
763	764
765	766
765	767
765	768
765	769
766	767
766	768
766	769
767	768
767	769
768	769
770	771
770	772
770	773
770	774
771	772
771	773
771	774
772	773
772	774
773	774
775	776
775	777
775	778
775	779
776	777
776	778
776	779
777	778
777	779
778	779
780	781
780	782
780	783
780	784
781	782
781	783
781	784
782	783
782	784
783	784
785	786
785	787
785	788
785	789
785	873
786	787
786	788
786	789
787	788
787	789
788	789
790	791
790	792
790	793
790	794
791	792
791	793
791	794
792	793
792	794
793	794
795	796
795	797
795	798
795	799
796	797
796	798
796	799
797	798
797	799
797	995
798	799
800	801
800	802
800	803
800	804
801	802
801	803
801	804
802	803
802	804
803	804
805	806
805	807
805	808
805	809
806	807
806	808
806	809
807	808
807	809
807	912
808	809
809	840
810	811
810	812
810	813
810	814
811	812
811	813
811	814
812	813
812	814
812	827
813	814
814	939
815	816
815	817
815	818
815	819
816	817
816	818
816	819
816	937
817	818
817	819
818	819
820	821
820	822
820	823
820	824
821	822
821	823
821	824
822	823
822	824
822	903
823	824
825	826
825	827
825	828
825	829
826	827
826	828
826	829
827	828
827	829
828	829
830	831
830	832
830	833
830	834
831	832
831	833
831	834
831	863
832	833
832	834
832	899
833	834
834	986
835	836
835	837
835	838
835	839
836	837
836	838
836	839
837	838
837	839
838	839
840	841
840	842
840	843
840	844
841	842
841	843
841	844
842	843
842	844
843	844
845	846
845	847
845	848
845	849
846	847
846	848
846	849
847	848
847	849
848	849
850	851
850	852
850	853
850	854
851	852
851	853
851	854
852	853
852	854
853	854
855	856
855	857
855	858
855	859
855	957
856	857
856	858
856	859
857	858
857	859
858	859
860	861
860	862
860	863
860	864
861	862
861	863
861	864
862	863
862	864
863	864
865	866
865	867
865	868
865	869
866	867
866	868
866	869
867	868
867	869
868	869
870	871
870	872
870	873
870	874
871	872
871	873
871	874
872	873
872	874
873	874
874	961
875	876
875	877
875	878
875	879
876	877
876	878
876	879
877	878
877	879
877	964
878	879
880	881
880	882
880	883
880	884
881	882
881	883
881	884
882	883
882	884
883	884
884	997
885	886
885	887
885	888
885	889
886	887
886	888
886	889
886	953
887	888
887	889
887	909
888	889
890	891
890	892
890	893
890	894
891	892
891	893
891	894
892	893
892	894
893	894
895	896
895	897
895	898
895	899
896	897
896	898
896	899
897	898
897	899
897	930
898	899
900	901
900	902
900	903
900	904
901	902
901	903
901	904
902	903
902	904
903	904
905	906
905	907
905	908
905	909
906	907
906	908
906	909
907	908
907	909
908	909
908	978
910	911
910	912
910	913
910	914
911	912
911	913
911	914
912	913
912	914
913	914
914	951
915	916
915	917
915	918
915	919
916	917
916	918
916	919
917	918
917	919
918	919
918	952
920	921
920	922
920	923
920	924
921	922
921	923
921	924
921	976
922	923
922	924
923	924
925	926
925	927
925	928
925	929
926	927
926	928
926	929
927	928
927	929
928	929
929	979
930	931
930	932
930	933
930	934
931	932
931	933
931	934
932	933
932	934
933	934
935	936
935	937
935	938
935	939
936	937
936	938
936	939
937	938
937	939
938	939
940	941
940	942
940	943
940	944
941	942
941	943
941	944
941	965
942	943
942	944
943	944
945	946
945	947
945	948
945	949
946	947
946	948
946	949
947	948
947	949
948	949
950	951
950	952
950	953
950	954
951	952
951	953
951	954
952	953
952	954
953	954
955	956
955	957
955	958
955	959
956	957
956	958
956	959
957	958
957	959
958	959
960	961
960	962
960	963
960	964
961	962
961	963
961	964
962	963
962	964
963	964
965	966
965	967
965	968
965	969
966	967
966	968
966	969
967	968
967	969
968	969
970	971
970	972
970	973
970	974
971	972
971	973
971	974
972	973
972	974
973	974
975	976
975	977
975	978
975	979
976	977
976	978
976	979
977	978
977	979
978	979
980	981
980	982
980	983
980	984
981	982
981	983
981	984
982	983
982	984
983	984
985	986
985	987
985	988
985	989
986	987
986	988
986	989
987	988
987	989
988	989
990	991
990	992
990	993
990	994
991	992
991	993
991	994
992	993
992	994
993	994
995	996
995	997
995	998
995	999
996	997
996	998
996	999
997	998
997	999
998	999
