1	2
1	3
1	4
1	5
1	291
2	3
2	4
2	5
2	981
3	4
3	5
3	819
4	5
4	899
5	499
6	7
6	8
6	9
6	10
6	397
7	8
7	9
7	10
7	769
8	9
8	10
8	749
9	10
9	135
10	465
11	12
11	13
11	14
11	15
11	853
12	13
12	14
12	15
12	431
13	14
13	15
13	187
14	15
14	709
15	248
16	17
16	18
16	19
16	20
16	215
17	18
17	19
17	20
17	112
18	19
18	20
18	150
19	20
19	750
20	223
21	22
21	23
21	24
21	25
21	243
22	23
22	24
22	25
22	74
23	24
23	25
23	696
24	25
24	855
25	182
26	27
26	28
26	29
26	30
26	233
27	28
27	29
27	30
27	793
28	29
28	30
28	130
29	30
29	368
30	773
31	32
31	33
31	34
31	35
31	330
32	33
32	34
32	35
32	881
33	34
33	35
33	634
34	35
34	992
35	554
36	37
36	38
36	39
36	40
36	631
37	38
37	39
37	40
37	866
38	39
38	40
38	969
39	40
39	556
40	933
41	42
41	43
41	44
41	45
41	538
42	43
42	44
42	45
42	636
43	44
43	45
43	770
44	45
44	985
45	392
46	47
46	48
46	49
46	50
46	701
47	48
47	49
47	50
47	706
48	49
48	50
48	662
49	50
49	826
50	347
51	52
51	53
51	54
51	55
51	849
52	53
52	54
52	55
52	973
53	54
53	55
53	865
54	55
54	522
55	331
56	57
56	58
56	59
56	60
56	412
57	58
57	59
57	60
57	192
58	59
58	60
58	263
59	60
59	629
60	821
61	62
61	63
61	64
61	65
61	683
62	63
62	64
62	65
62	537
63	64
63	65
63	588
64	65
64	923
65	188
66	67
66	68
66	69
66	70
66	205
67	68
67	69
67	70
67	745
68	69
68	70
68	415
69	70
69	845
70	871
71	72
71	73
71	74
71	75
71	193
72	73
72	74
72	75
72	873
73	74
73	75
73	476
74	75
75	705
76	77
76	78
76	79
76	80
76	641
77	78
77	79
77	80
77	601
78	79
78	80
78	723
79	80
79	661
80	346
81	82
81	83
81	84
81	85
81	418
82	83
82	84
82	85
82	241
83	84
83	85
83	743
84	85
84	618
85	375
86	87
86	88
86	89
86	90
86	445
87	88
87	89
87	90
87	467
88	89
88	90
88	964
89	90
89	859
90	993
91	92
91	93
91	94
91	95
91	345
92	93
92	94
92	95
92	678
93	94
93	95
93	593
94	95
94	281
95	824
96	97
96	98
96	99
96	100
96	481
97	98
97	99
97	100
97	738
98	99
98	100
98	487
99	100
99	905
100	219
101	102
101	103
101	104
101	105
101	754
102	103
102	104
102	105
102	314
103	104
103	105
103	365
104	105
104	772
105	160
106	107
106	108
106	109
106	110
106	198
107	108
107	109
107	110
107	840
108	109
108	110
108	724
109	110
109	787
110	452
111	112
111	113
111	114
111	115
111	999
112	113
112	114
112	115
113	114
113	115
113	726
114	115
114	170
115	366
116	117
116	118
116	119
116	120
116	567
117	118
117	119
117	120
117	585
118	119
118	120
118	788
119	120
119	479
120	398
121	122
121	123
121	124
121	125
121	297
122	123
122	124
122	125
122	334
123	124
123	125
123	573
124	125
124	806
125	416
126	127
126	128
126	129
126	130
126	902
127	128
127	129
127	130
127	725
128	129
128	130
128	620
129	130
129	260
131	132
131	133
131	134
131	135
131	255
132	133
132	134
132	135
132	876
133	134
133	135
133	357
134	135
134	704
136	137
136	138
136	139
136	140
136	796
137	138
137	139
137	140
137	224
138	139
138	140
138	396
139	140
139	477
140	167
141	142
141	143
141	144
141	145
141	236
142	143
142	144
142	145
142	280
143	144
143	145
143	702
144	145
144	542
145	312
146	147
146	148
146	149
146	150
146	176
147	148
147	149
147	150
147	611
148	149
148	150
148	380
149	150
149	783
151	152
151	153
151	154
151	155
151	207
152	153
152	154
152	155
152	903
153	154
153	155
153	645
154	155
154	284
155	777
156	157
156	158
156	159
156	160
156	210
157	158
157	159
157	160
157	850
158	159
158	160
158	642
159	160
159	687
161	162
161	163
161	164
161	165
161	988
162	163
162	164
162	165
162	893
163	164
163	165
163	216
164	165
164	944
165	852
166	167
166	168
166	169
166	170
166	509
167	168
167	169
167	170
168	169
168	170
168	986
169	170
169	489
171	172
171	173
171	174
171	175
171	703
172	173
172	174
172	175
172	271
173	174
173	175
173	735
174	175
174	591
175	327
176	177
176	178
176	179
176	180
177	178
177	179
177	180
177	951
178	179
178	180
178	613
179	180
179	520
180	822
181	182
181	183
181	184
181	185
181	732
182	183
182	184
182	185
183	184
183	185
183	242
184	185
184	580
185	473
186	187
186	188
186	189
186	190
186	946
187	188
187	189
187	190
188	189
188	190
189	190
189	630
190	971
191	192
191	193
191	194
191	195
191	566
192	193
192	194
192	195
193	194
193	195
194	195
194	891
195	861
196	197
196	198
196	199
196	200
196	373
197	198
197	199
197	200
197	402
198	199
198	200
199	200
199	767
200	449
201	202
201	203
201	204
201	205
201	316
202	203
202	204
202	205
202	869
203	204
203	205
203	395
204	205
204	425
206	207
206	208
206	209
206	210
206	758
207	208
207	209
207	210
208	209
208	210
208	292
209	210
209	957
211	212
211	213
211	214
211	215
211	244
212	213
212	214
212	215
212	524
213	214
213	215
213	381
214	215
214	225
216	217
216	218
216	219
216	220
217	218
217	219
217	220
217	688
218	219
218	220
218	991
219	220
220	908
221	222
221	223
221	224
221	225
221	812
222	223
222	224
222	225
222	789
223	224
223	225
224	225
226	227
226	228
226	229
226	230
226	434
227	228
227	229
227	230
227	422
228	229
228	230
228	694
229	230
229	700
230	906
231	232
231	233
231	234
231	235
231	699
232	233
232	234
232	235
232	857
233	234
233	235
234	235
234	937
235	925
236	237
236	238
236	239
236	240
237	238
237	239
237	240
237	530
238	239
238	240
238	782
239	240
239	486
240	371
241	242
241	243
241	244
241	245
242	243
242	244
242	245
243	244
243	245
244	245
245	335
246	247
246	248
246	249
246	250
246	437
247	248
247	249
247	250
247	804
248	249
248	250
249	250
249	764
250	739
251	252
251	253
251	254
251	255
251	352
252	253
252	254
252	255
252	720
253	254
253	255
253	766
254	255
254	468
256	257
256	258
256	259
256	260
256	584
257	258
257	259
257	260
257	955
258	259
258	260
258	325
259	260
259	596
261	262
261	263
261	264
261	265
261	301
262	263
262	264
262	265
262	407
263	264
263	265
264	265
264	529
265	332
266	267
266	268
266	269
266	270
266	647
267	268
267	269
267	270
267	388
268	269
268	270
268	309
269	270
269	921
270	736
271	272
271	273
271	274
271	275
272	273
272	274
272	275
272	889
273	274
273	275
273	627
274	275
274	831
275	457
276	277
276	278
276	279
276	280
276	862
277	278
277	279
277	280
277	474
278	279
278	280
278	978
279	280
279	673
281	282
281	283
281	284
281	285
282	283
282	284
282	285
282	956
283	284
283	285
283	383
284	285
285	847
286	287
286	288
286	289
286	290
286	809
287	288
287	289
287	290
287	358
288	289
288	290
288	771
289	290
289	626
290	733
291	292
291	293
291	294
291	295
292	293
292	294
292	295
293	294
293	295
293	469
294	295
294	785
295	540
296	297
296	298
296	299
296	300
296	501
297	298
297	299
297	300
298	299
298	300
298	461
299	300
299	459
300	838
301	302
301	303
301	304
301	305
302	303
302	304
302	305
302	599
303	304
303	305
303	707
304	305
304	685
305	548
306	307
306	308
306	309
306	310
306	521
307	308
307	309
307	310
307	851
308	309
308	310
308	691
309	310
310	667
311	312
311	313
311	314
311	315
311	901
312	313
312	314
312	315
313	314
313	315
313	941
314	315
315	369
316	317
316	318
316	319
316	320
317	318
317	319
317	320
317	333
318	319
318	320
318	568
319	320
319	892
320	348
321	322
321	323
321	324
321	325
321	594
322	323
322	324
322	325
322	974
323	324
323	325
323	803
324	325
324	456
326	327
326	328
326	329
326	330
326	945
327	328
327	329
327	330
328	329
328	330
328	970
329	330
329	947
331	332
331	333
331	334
331	335
332	333
332	334
332	335
333	334
333	335
334	335
336	337
336	338
336	339
336	340
336	447
337	338
337	339
337	340
337	399
338	339
338	340
338	858
339	340
339	513
340	776
341	342
341	343
341	344
341	345
341	478
342	343
342	344
342	345
342	665
343	344
343	345
343	994
344	345
344	401
346	347
346	348
346	349
346	350
347	348
347	349
347	350
348	349
348	350
349	350
349	500
350	536
351	352
351	353
351	354
351	355
351	708
352	353
352	354
352	355
353	354
353	355
353	438
354	355
354	505
355	517
356	357
356	358
356	359
356	360
356	471
357	358
357	359
357	360
358	359
358	360
359	360
359	843
360	575
361	362
361	363
361	364
361	365
361	491
362	363
362	364
362	365
362	698
363	364
363	365
363	677
364	365
364	928
366	367
366	368
366	369
366	370
367	368
367	369
367	370
367	495
368	369
368	370
369	370
370	689
371	372
371	373
371	374
371	375
372	373
372	374
372	375
372	606
373	374
373	375
374	375
374	744
376	377
376	378
376	379
376	380
376	960
377	378
377	379
377	380
377	628
378	379
378	380
378	604
379	380
379	633
381	382
381	383
381	384
381	385
382	383
382	384
382	385
382	676
383	384
383	385
384	385
384	614
385	561
386	387
386	388
386	389
386	390
386	576
387	388
387	389
387	390
387	837
388	389
388	390
389	390
389	663
390	746
391	392
391	393
391	394
391	395
391	939
392	393
392	394
392	395
393	394
393	395
393	475
394	395
394	405
396	397
396	398
396	399
396	400
397	398
397	399
397	400
398	399
398	400
399	400
400	429
401	402
401	403
401	404
401	405
402	403
402	404
402	405
403	404
403	405
403	895
404	405
404	860
406	407
406	408
406	409
406	410
406	896
407	408
407	409
407	410
408	409
408	410
408	967
409	410
409	916
410	574
411	412
411	413
411	414
411	415
411	742
412	413
412	414
412	415
413	414
413	415
413	640
414	415
414	674
416	417
416	418
416	419
416	420
417	418
417	419
417	420
417	926
418	419
418	420
419	420
419	693
420	997
421	422
421	423
421	424
421	425
421	883
422	423
422	424
422	425
423	424
423	425
423	879
424	425
424	827
426	427
426	428
426	429
426	430
426	784
427	428
427	429
427	430
427	612
428	429
428	430
428	795
429	430
430	975
431	432
431	433
431	434
431	435
432	433
432	434
432	435
432	666
433	434
433	435
433	549
434	435
435	959
436	437
436	438
436	439
436	440
436	814
437	438
437	439
437	440
438	439
438	440
439	440
439	872
440	583
441	442
441	443
441	444
441	445
441	608
442	443
442	444
442	445
442	552
443	444
443	445
443	710
444	445
444	715
446	447
446	448
446	449
446	450
446	934
447	448
447	449
447	450
448	449
448	450
448	756
449	450
450	484
451	452
451	453
451	454
451	455
451	515
452	453
452	454
452	455
453	454
453	455
453	635
454	455
454	546
455	624
456	457
456	458
456	459
456	460
457	458
457	459
457	460
458	459
458	460
458	535
459	460
460	480
461	462
461	463
461	464
461	465
462	463
462	464
462	465
462	527
463	464
463	465
463	807
464	465
464	551
466	467
466	468
466	469
466	470
466	801
467	468
467	469
467	470
468	469
468	470
469	470
470	672
471	472
471	473
471	474
471	475
472	473
472	474
472	475
472	983
473	474
473	475
474	475
476	477
476	478
476	479
476	480
477	478
477	479
477	480
478	479
478	480
479	480
481	482
481	483
481	484
481	485
482	483
482	484
482	485
482	602
483	484
483	485
483	846
484	485
485	829
486	487
486	488
486	489
486	490
487	488
487	489
487	490
488	489
488	490
488	792
489	490
490	619
491	492
491	493
491	494
491	495
492	493
492	494
492	495
492	595
493	494
493	495
493	670
494	495
494	616
496	497
496	498
496	499
496	500
496	632
497	498
497	499
497	500
497	890
498	499
498	500
498	775
499	500
501	502
501	503
501	504
501	505
502	503
502	504
502	505
502	664
503	504
503	505
503	911
504	505
504	621
506	507
506	508
506	509
506	510
506	563
507	508
507	509
507	510
507	740
508	509
508	510
508	560
509	510
510	834
511	512
511	513
511	514
511	515
511	935
512	513
512	514
512	515
512	818
513	514
513	515
514	515
514	550
516	517
516	518
516	519
516	520
516	581
517	518
517	519
517	520
518	519
518	520
518	867
519	520
519	844
521	522
521	523
521	524
521	525
522	523
522	524
522	525
523	524
523	525
523	920
524	525
525	713
526	527
526	528
526	529
526	530
526	597
527	528
527	529
527	530
528	529
528	530
528	932
529	530
531	532
531	533
531	534
531	535
531	836
532	533
532	534
532	535
532	590
533	534
533	535
533	544
534	535
534	681
536	537
536	538
536	539
536	540
537	538
537	539
537	540
538	539
538	540
539	540
539	622
541	542
541	543
541	544
541	545
541	774
542	543
542	544
542	545
543	544
543	545
543	825
544	545
545	943
546	547
546	548
546	549
546	550
547	548
547	549
547	550
547	781
548	549
548	550
549	550
551	552
551	553
551	554
551	555
552	553
552	554
552	555
553	554
553	555
553	989
554	555
555	797
556	557
556	558
556	559
556	560
557	558
557	559
557	560
557	995
558	559
558	560
558	884
559	560
559	730
561	562
561	563
561	564
561	565
562	563
562	564
562	565
562	582
563	564
563	565
564	565
564	936
565	984
566	567
566	568
566	569
566	570
567	568
567	569
567	570
568	569
568	570
569	570
569	799
570	646
571	572
571	573
571	574
571	575
571	643
572	573
572	574
572	575
572	600
573	574
573	575
574	575
576	577
576	578
576	579
576	580
577	578
577	579
577	580
577	918
578	579
578	580
578	712
579	580
579	886
581	582
581	583
581	584
581	585
582	583
582	584
582	585
583	584
583	585
584	585
586	587
586	588
586	589
586	590
586	719
587	588
587	589
587	590
587	780
588	589
588	590
589	590
589	755
591	592
591	593
591	594
591	595
592	593
592	594
592	595
592	637
593	594
593	595
594	595
596	597
596	598
596	599
596	600
597	598
597	599
597	600
598	599
598	600
598	800
599	600
601	602
601	603
601	604
601	605
602	603
602	604
602	605
603	604
603	605
603	668
604	605
605	854
606	607
606	608
606	609
606	610
607	608
607	609
607	610
607	907
608	609
608	610
609	610
609	897
610	653
611	612
611	613
611	614
611	615
612	613
612	614
612	615
613	614
613	615
614	615
615	880
616	617
616	618
616	619
616	620
617	618
617	619
617	620
617	761
618	619
618	620
619	620
621	622
621	623
621	624
621	625
622	623
622	624
622	625
623	624
623	625
623	963
624	625
625	949
626	627
626	628
626	629
626	630
627	628
627	629
627	630
628	629
628	630
629	630
631	632
631	633
631	634
631	635
632	633
632	634
632	635
633	634
633	635
634	635
636	637
636	638
636	639
636	640
637	638
637	639
637	640
638	639
638	640
638	805
639	640
639	894
641	642
641	643
641	644
641	645
642	643
642	644
642	645
643	644
643	645
644	645
644	765
646	647
646	648
646	649
646	650
647	648
647	649
647	650
648	649
648	650
648	652
649	650
649	763
650	791
651	652
651	653
651	654
651	655
651	927
652	653
652	654
652	655
653	654
653	655
654	655
654	718
655	982
656	657
656	658
656	659
656	660
656	929
657	658
657	659
657	660
657	830
658	659
658	660
658	976
659	660
659	768
660	729
661	662
661	663
661	664
661	665
662	663
662	664
662	665
663	664
663	665
664	665
666	667
666	668
666	669
666	670
667	668
667	669
667	670
668	669
668	670
669	670
669	877
671	672
671	673
671	674
671	675
671	737
672	673
672	674
672	675
673	674
673	675
674	675
675	778
676	677
676	678
676	679
676	680
677	678
677	679
677	680
678	679
678	680
679	680
679	863
680	948
681	682
681	683
681	684
681	685
682	683
682	684
682	685
682	924
683	684
683	685
684	685
684	961
686	687
686	688
686	689
686	690
686	839
687	688
687	689
687	690
688	689
688	690
689	690
690	968
691	692
691	693
691	694
691	695
692	693
692	694
692	695
692	762
693	694
693	695
694	695
695	842
696	697
696	698
696	699
696	700
697	698
697	699
697	700
697	811
698	699
698	700
699	700
701	702
701	703
701	704
701	705
702	703
702	704
702	705
703	704
703	705
704	705
706	707
706	708
706	709
706	710
707	708
707	709
707	710
708	709
708	710
709	710
711	712
711	713
711	714
711	715
711	753
712	713
712	714
712	715
713	714
713	715
714	715
714	816
716	717
716	718
716	719
716	720
716	972
717	718
717	719
717	720
717	868
718	719
718	720
719	720
721	722
721	723
721	724
721	725
721	1000
722	723
722	724
722	725
722	790
723	724
723	725
724	725
726	727
726	728
726	729
726	730
727	728
727	729
727	730
727	848
728	729
728	730
728	794
729	730
731	732
731	733
731	734
731	735
731	882
732	733
732	734
732	735
733	734
733	735
734	735
734	870
736	737
736	738
736	739
736	740
737	738
737	739
737	740
738	739
738	740
739	740
741	742
741	743
741	744
741	745
741	779
742	743
742	744
742	745
743	744
743	745
744	745
746	747
746	748
746	749
746	750
747	748
747	749
747	750
747	914
748	749
748	750
748	802
749	750
751	752
751	753
751	754
751	755
751	912
752	753
752	754
752	755
752	820
753	754
753	755
754	755
756	757
756	758
756	759
756	760
757	758
757	759
757	760
757	990
758	759
758	760
759	760
759	950
760	917
761	762
761	763
761	764
761	765
762	763
762	764
762	765
763	764
763	765
764	765
766	767
766	768
766	769
766	770
767	768
767	769
767	770
768	769
768	770
769	770
771	772
771	773
771	774
771	775
772	773
772	774
772	775
773	774
773	775
774	775
776	777
776	778
776	779
776	780
777	778
777	779
777	780
778	779
778	780
779	780
781	782
781	783
781	784
781	785
782	783
782	784
782	785
783	784
783	785
784	785
786	787
786	788
786	789
786	790
786	874
787	788
787	789
787	790
788	789
788	790
789	790
791	792
791	793
791	794
791	795
792	793
792	794
792	795
793	794
793	795
794	795
796	797
796	798
796	799
796	800
797	798
797	799
797	800
798	799
798	800
798	996
799	800
801	802
801	803
801	804
801	805
802	803
802	804
802	805
803	804
803	805
804	805
806	807
806	808
806	809
806	810
807	808
807	809
807	810
808	809
808	810
808	913
809	810
810	841
811	812
811	813
811	814
811	815
812	813
812	814
812	815
813	814
813	815
813	828
814	815
815	940
816	817
816	818
816	819
816	820
817	818
817	819
817	820
817	938
818	819
818	820
819	820
821	822
821	823
821	824
821	825
822	823
822	824
822	825
823	824
823	825
823	904
824	825
826	827
826	828
826	829
826	830
827	828
827	829
827	830
828	829
828	830
829	830
831	832
831	833
831	834
831	835
832	833
832	834
832	835
832	864
833	834
833	835
833	900
834	835
835	987
836	837
836	838
836	839
836	840
837	838
837	839
837	840
838	839
838	840
839	840
841	842
841	843
841	844
841	845
842	843
842	844
842	845
843	844
843	845
844	845
846	847
846	848
846	849
846	850
847	848
847	849
847	850
848	849
848	850
849	850
851	852
851	853
851	854
851	855
852	853
852	854
852	855
853	854
853	855
854	855
856	857
856	858
856	859
856	860
856	958
857	858
857	859
857	860
858	859
858	860
859	860
861	862
861	863
861	864
861	865
862	863
862	864
862	865
863	864
863	865
864	865
866	867
866	868
866	869
866	870
867	868
867	869
867	870
868	869
868	870
869	870
871	872
871	873
871	874
871	875
872	873
872	874
872	875
873	874
873	875
874	875
875	962
876	877
876	878
876	879
876	880
877	878
877	879
877	880
878	879
878	880
878	965
879	880
881	882
881	883
881	884
881	885
882	883
882	884
882	885
883	884
883	885
884	885
885	998
886	887
886	888
886	889
886	890
887	888
887	889
887	890
887	954
888	889
888	890
888	910
889	890
891	892
891	893
891	894
891	895
892	893
892	894
892	895
893	894
893	895
894	895
896	897
896	898
896	899
896	900
897	898
897	899
897	900
898	899
898	900
898	931
899	900
901	902
901	903
901	904
901	905
902	903
902	904
902	905
903	904
903	905
904	905
906	907
906	908
906	909
906	910
907	908
907	909
907	910
908	909
908	910
909	910
909	979
911	912
911	913
911	914
911	915
912	913
912	914
912	915
913	914
913	915
914	915
915	952
916	917
916	918
916	919
916	920
917	918
917	919
917	920
918	919
918	920
919	920
919	953
921	922
921	923
921	924
921	925
922	923
922	924
922	925
922	977
923	924
923	925
924	925
926	927
926	928
926	929
926	930
927	928
927	929
927	930
928	929
928	930
929	930
930	980
931	932
931	933
931	934
931	935
932	933
932	934
932	935
933	934
933	935
934	935
936	937
936	938
936	939
936	940
937	938
937	939
937	940
938	939
938	940
939	940
941	942
941	943
941	944
941	945
942	943
942	944
942	945
942	966
943	944
943	945
944	945
946	947
946	948
946	949
946	950
947	948
947	949
947	950
948	949
948	950
949	950
951	952
951	953
951	954
951	955
952	953
952	954
952	955
953	954
953	955
954	955
956	957
956	958
956	959
956	960
957	958
957	959
957	960
958	959
958	960
959	960
961	962
961	963
961	964
961	965
962	963
962	964
962	965
963	964
963	965
964	965
966	967
966	968
966	969
966	970
967	968
967	969
967	970
968	969
968	970
969	970
971	972
971	973
971	974
971	975
972	973
972	974
972	975
973	974
973	975
974	975
976	977
976	978
976	979
976	980
977	978
977	979
977	980
978	979
978	980
979	980
981	982
981	983
981	984
981	985
982	983
982	984
982	985
983	984
983	985
984	985
986	987
986	988
986	989
986	990
987	988
987	989
987	990
988	989
988	990
989	990
991	992
991	993
991	994
991	995
992	993
992	994
992	995
993	994
993	995
994	995
996	997
996	998
996	999
996	1000
997	998
997	999
997	1000
998	999
998	1000
999	1000
