1	2	3
1	2	4
1	2	5
1	3	4
1	3	5
1	4	5
2	3	4
2	3	5
2	4	5
3	4	5
6	7	8
6	7	9
6	7	10
6	8	9
6	8	10
6	9	10
7	8	9
7	8	10
7	9	10
8	9	10
11	12	13
11	12	14
11	12	15
11	13	14
11	13	15
11	14	15
12	13	14
12	13	15
12	14	15
13	14	15
16	17	18
16	17	19
16	17	20
16	18	19
16	18	20
16	19	20
17	18	19
17	18	20
17	19	20
18	19	20
21	22	23
21	22	24
21	22	25
21	23	24
21	23	25
21	24	25
22	23	24
22	23	25
22	24	25
23	24	25
26	27	28
26	27	29
26	27	30
26	28	29
26	28	30
26	29	30
27	28	29
27	28	30
27	29	30
28	29	30
31	32	33
31	32	34
31	32	35
31	33	34
31	33	35
31	34	35
32	33	34
32	33	35
32	34	35
33	34	35
36	37	38
36	37	39
36	37	40
36	38	39
36	38	40
36	39	40
37	38	39
37	38	40
37	39	40
38	39	40
41	42	43
41	42	44
41	42	45
41	43	44
41	43	45
41	44	45
42	43	44
42	43	45
42	44	45
43	44	45
46	47	48
46	47	49
46	47	50
46	48	49
46	48	50
46	49	50
47	48	49
47	48	50
47	49	50
48	49	50
51	52	53
51	52	54
51	52	55
51	53	54
51	53	55
51	54	55
52	53	54
52	53	55
52	54	55
53	54	55
56	57	58
56	57	59
56	57	60
56	58	59
56	58	60
56	59	60
57	58	59
57	58	60
57	59	60
58	59	60
61	62	63
61	62	64
61	62	65
61	63	64
61	63	65
61	64	65
62	63	64
62	63	65
62	64	65
63	64	65
66	67	68
66	67	69
66	67	70
66	68	69
66	68	70
66	69	70
67	68	69
67	68	70
67	69	70
68	69	70
71	72	73
71	72	74
71	72	75
71	73	74
71	73	75
71	74	75
72	73	74
72	73	75
72	74	75
73	74	75
76	77	78
76	77	79
76	77	80
76	78	79
76	78	80
76	79	80
77	78	79
77	78	80
77	79	80
78	79	80
81	82	83
81	82	84
81	82	85
81	83	84
81	83	85
81	84	85
82	83	84
82	83	85
82	84	85
83	84	85
86	87	88
86	87	89
86	87	90
86	88	89
86	88	90
86	89	90
87	88	89
87	88	90
87	89	90
88	89	90
91	92	93
91	92	94
91	92	95
91	93	94
91	93	95
91	94	95
92	93	94
92	93	95
92	94	95
93	94	95
96	97	98
96	97	99
96	97	100
96	98	99
96	98	100
96	99	100
97	98	99
97	98	100
97	99	100
98	99	100
101	102	103
101	102	104
101	102	105
101	103	104
101	103	105
101	104	105
102	103	104
102	103	105
102	104	105
103	104	105
106	107	108
106	107	109
106	107	110
106	108	109
106	108	110
106	109	110
107	108	109
107	108	110
107	109	110
108	109	110
111	112	113
111	112	114
111	112	115
111	113	114
111	113	115
111	114	115
112	113	114
112	113	115
112	114	115
113	114	115
116	117	118
116	117	119
116	117	120
116	118	119
116	118	120
116	119	120
117	118	119
117	118	120
117	119	120
118	119	120
121	122	123
121	122	124
121	122	125
121	123	124
121	123	125
121	124	125
122	123	124
122	123	125
122	124	125
123	124	125
126	127	128
126	127	129
126	127	130
126	128	129
126	128	130
126	129	130
127	128	129
127	128	130
127	129	130
128	129	130
131	132	133
131	132	134
131	132	135
131	133	134
131	133	135
131	134	135
132	133	134
132	133	135
132	134	135
133	134	135
136	137	138
136	137	139
136	137	140
136	138	139
136	138	140
136	139	140
137	138	139
137	138	140
137	139	140
138	139	140
141	142	143
141	142	144
141	142	145
141	143	144
141	143	145
141	144	145
142	143	144
142	143	145
142	144	145
143	144	145
146	147	148
146	147	149
146	147	150
146	148	149
146	148	150
146	149	150
147	148	149
147	148	150
147	149	150
148	149	150
151	152	153
151	152	154
151	152	155
151	153	154
151	153	155
151	154	155
152	153	154
152	153	155
152	154	155
153	154	155
156	157	158
156	157	159
156	157	160
156	158	159
156	158	160
156	159	160
157	158	159
157	158	160
157	159	160
158	159	160
161	162	163
161	162	164
161	162	165
161	163	164
161	163	165
161	164	165
162	163	164
162	163	165
162	164	165
163	164	165
166	167	168
166	167	169
166	167	170
166	168	169
166	168	170
166	169	170
167	168	169
167	168	170
167	169	170
168	169	170
171	172	173
171	172	174
171	172	175
171	173	174
171	173	175
171	174	175
172	173	174
172	173	175
172	174	175
173	174	175
176	177	178
176	177	179
176	177	180
176	178	179
176	178	180
176	179	180
177	178	179
177	178	180
177	179	180
178	179	180
181	182	183
181	182	184
181	182	185
181	183	184
181	183	185
181	184	185
182	183	184
182	183	185
182	184	185
183	184	185
186	187	188
186	187	189
186	187	190
186	188	189
186	188	190
186	189	190
187	188	189
187	188	190
187	189	190
188	189	190
191	192	193
191	192	194
191	192	195
191	193	194
191	193	195
191	194	195
192	193	194
192	193	195
192	194	195
193	194	195
196	197	198
196	197	199
196	197	200
196	198	199
196	198	200
196	199	200
197	198	199
197	198	200
197	199	200
198	199	200
201	202	203
201	202	204
201	202	205
201	203	204
201	203	205
201	204	205
202	203	204
202	203	205
202	204	205
203	204	205
206	207	208
206	207	209
206	207	210
206	208	209
206	208	210
206	209	210
207	208	209
207	208	210
207	209	210
208	209	210
211	212	213
211	212	214
211	212	215
211	213	214
211	213	215
211	214	215
212	213	214
212	213	215
212	214	215
213	214	215
216	217	218
216	217	219
216	217	220
216	218	219
216	218	220
216	219	220
217	218	219
217	218	220
217	219	220
218	219	220
221	222	223
221	222	224
221	222	225
221	223	224
221	223	225
221	224	225
222	223	224
222	223	225
222	224	225
223	224	225
226	227	228
226	227	229
226	227	230
226	228	229
226	228	230
226	229	230
227	228	229
227	228	230
227	229	230
228	229	230
231	232	233
231	232	234
231	232	235
231	233	234
231	233	235
231	234	235
232	233	234
232	233	235
232	234	235
233	234	235
236	237	238
236	237	239
236	237	240
236	238	239
236	238	240
236	239	240
237	238	239
237	238	240
237	239	240
238	239	240
241	242	243
241	242	244
241	242	245
241	243	244
241	243	245
241	244	245
242	243	244
242	243	245
242	244	245
243	244	245
246	247	248
246	247	249
246	247	250
246	248	249
246	248	250
246	249	250
247	248	249
247	248	250
247	249	250
248	249	250
251	252	253
251	252	254
251	252	255
251	253	254
251	253	255
251	254	255
252	253	254
252	253	255
252	254	255
253	254	255
256	257	258
256	257	259
256	257	260
256	258	259
256	258	260
256	259	260
257	258	259
257	258	260
257	259	260
258	259	260
261	262	263
261	262	264
261	262	265
261	263	264
261	263	265
261	264	265
262	263	264
262	263	265
262	264	265
263	264	265
266	267	268
266	267	269
266	267	270
266	268	269
266	268	270
266	269	270
267	268	269
267	268	270
267	269	270
268	269	270
271	272	273
271	272	274
271	272	275
271	273	274
271	273	275
271	274	275
272	273	274
272	273	275
272	274	275
273	274	275
276	277	278
276	277	279
276	277	280
276	278	279
276	278	280
276	279	280
277	278	279
277	278	280
277	279	280
278	279	280
281	282	283
281	282	284
281	282	285
281	283	284
281	283	285
281	284	285
282	283	284
282	283	285
282	284	285
283	284	285
286	287	288
286	287	289
286	287	290
286	288	289
286	288	290
286	289	290
287	288	289
287	288	290
287	289	290
288	289	290
291	292	293
291	292	294
291	292	295
291	293	294
291	293	295
291	294	295
292	293	294
292	293	295
292	294	295
293	294	295
296	297	298
296	297	299
296	297	300
296	298	299
296	298	300
296	299	300
297	298	299
297	298	300
297	299	300
298	299	300
301	302	303
301	302	304
301	302	305
301	303	304
301	303	305
301	304	305
302	303	304
302	303	305
302	304	305
303	304	305
306	307	308
306	307	309
306	307	310
306	308	309
306	308	310
306	309	310
307	308	309
307	308	310
307	309	310
308	309	310
311	312	313
311	312	314
311	312	315
311	313	314
311	313	315
311	314	315
312	313	314
312	313	315
312	314	315
313	314	315
316	317	318
316	317	319
316	317	320
316	318	319
316	318	320
316	319	320
317	318	319
317	318	320
317	319	320
318	319	320
321	322	323
321	322	324
321	322	325
321	323	324
321	323	325
321	324	325
322	323	324
322	323	325
322	324	325
323	324	325
326	327	328
326	327	329
326	327	330
326	328	329
326	328	330
326	329	330
327	328	329
327	328	330
327	329	330
328	329	330
331	332	333
331	332	334
331	332	335
331	333	334
331	333	335
331	334	335
332	333	334
332	333	335
332	334	335
333	334	335
336	337	338
336	337	339
336	337	340
336	338	339
336	338	340
336	339	340
337	338	339
337	338	340
337	339	340
338	339	340
341	342	343
341	342	344
341	342	345
341	343	344
341	343	345
341	344	345
342	343	344
342	343	345
342	344	345
343	344	345
346	347	348
346	347	349
346	347	350
346	348	349
346	348	350
346	349	350
347	348	349
347	348	350
347	349	350
348	349	350
351	352	353
351	352	354
351	352	355
351	353	354
351	353	355
351	354	355
352	353	354
352	353	355
352	354	355
353	354	355
356	357	358
356	357	359
356	357	360
356	358	359
356	358	360
356	359	360
357	358	359
357	358	360
357	359	360
358	359	360
361	362	363
361	362	364
361	362	365
361	363	364
361	363	365
361	364	365
362	363	364
362	363	365
362	364	365
363	364	365
366	367	368
366	367	369
366	367	370
366	368	369
366	368	370
366	369	370
367	368	369
367	368	370
367	369	370
368	369	370
371	372	373
371	372	374
371	372	375
371	373	374
371	373	375
371	374	375
372	373	374
372	373	375
372	374	375
373	374	375
376	377	378
376	377	379
376	377	380
376	378	379
376	378	380
376	379	380
377	378	379
377	378	380
377	379	380
378	379	380
381	382	383
381	382	384
381	382	385
381	383	384
381	383	385
381	384	385
382	383	384
382	383	385
382	384	385
383	384	385
386	387	388
386	387	389
386	387	390
386	388	389
386	388	390
386	389	390
387	388	389
387	388	390
387	389	390
388	389	390
391	392	393
391	392	394
391	392	395
391	393	394
391	393	395
391	394	395
392	393	394
392	393	395
392	394	395
393	394	395
396	397	398
396	397	399
396	397	400
396	398	399
396	398	400
396	399	400
397	398	399
397	398	400
397	399	400
398	399	400
401	402	403
401	402	404
401	402	405
401	403	404
401	403	405
401	404	405
402	403	404
402	403	405
402	404	405
403	404	405
406	407	408
406	407	409
406	407	410
406	408	409
406	408	410
406	409	410
407	408	409
407	408	410
407	409	410
408	409	410
411	412	413
411	412	414
411	412	415
411	413	414
411	413	415
411	414	415
412	413	414
412	413	415
412	414	415
413	414	415
416	417	418
416	417	419
416	417	420
416	418	419
416	418	420
416	419	420
417	418	419
417	418	420
417	419	420
418	419	420
421	422	423
421	422	424
421	422	425
421	423	424
421	423	425
421	424	425
422	423	424
422	423	425
422	424	425
423	424	425
426	427	428
426	427	429
426	427	430
426	428	429
426	428	430
426	429	430
427	428	429
427	428	430
427	429	430
428	429	430
431	432	433
431	432	434
431	432	435
431	433	434
431	433	435
431	434	435
432	433	434
432	433	435
432	434	435
433	434	435
436	437	438
436	437	439
436	437	440
436	438	439
436	438	440
436	439	440
437	438	439
437	438	440
437	439	440
438	439	440
441	442	443
441	442	444
441	442	445
441	443	444
441	443	445
441	444	445
442	443	444
442	443	445
442	444	445
443	444	445
446	447	448
446	447	449
446	447	450
446	448	449
446	448	450
446	449	450
447	448	449
447	448	450
447	449	450
448	449	450
451	452	453
451	452	454
451	452	455
451	453	454
451	453	455
451	454	455
452	453	454
452	453	455
452	454	455
453	454	455
456	457	458
456	457	459
456	457	460
456	458	459
456	458	460
456	459	460
457	458	459
457	458	460
457	459	460
458	459	460
461	462	463
461	462	464
461	462	465
461	463	464
461	463	465
461	464	465
462	463	464
462	463	465
462	464	465
463	464	465
466	467	468
466	467	469
466	467	470
466	468	469
466	468	470
466	469	470
467	468	469
467	468	470
467	469	470
468	469	470
471	472	473
471	472	474
471	472	475
471	473	474
471	473	475
471	474	475
472	473	474
472	473	475
472	474	475
473	474	475
476	477	478
476	477	479
476	477	480
476	478	479
476	478	480
476	479	480
477	478	479
477	478	480
477	479	480
478	479	480
481	482	483
481	482	484
481	482	485
481	483	484
481	483	485
481	484	485
482	483	484
482	483	485
482	484	485
483	484	485
486	487	488
486	487	489
486	487	490
486	488	489
486	488	490
486	489	490
487	488	489
487	488	490
487	489	490
488	489	490
491	492	493
491	492	494
491	492	495
491	493	494
491	493	495
491	494	495
492	493	494
492	493	495
492	494	495
493	494	495
496	497	498
496	497	499
496	497	500
496	498	499
496	498	500
496	499	500
497	498	499
497	498	500
497	499	500
498	499	500
501	502	503
501	502	504
501	502	505
501	503	504
501	503	505
501	504	505
502	503	504
502	503	505
502	504	505
503	504	505
506	507	508
506	507	509
506	507	510
506	508	509
506	508	510
506	509	510
507	508	509
507	508	510
507	509	510
508	509	510
511	512	513
511	512	514
511	512	515
511	513	514
511	513	515
511	514	515
512	513	514
512	513	515
512	514	515
513	514	515
516	517	518
516	517	519
516	517	520
516	518	519
516	518	520
516	519	520
517	518	519
517	518	520
517	519	520
518	519	520
521	522	523
521	522	524
521	522	525
521	523	524
521	523	525
521	524	525
522	523	524
522	523	525
522	524	525
523	524	525
526	527	528
526	527	529
526	527	530
526	528	529
526	528	530
526	529	530
527	528	529
527	528	530
527	529	530
528	529	530
531	532	533
531	532	534
531	532	535
531	533	534
531	533	535
531	534	535
532	533	534
532	533	535
532	534	535
533	534	535
536	537	538
536	537	539
536	537	540
536	538	539
536	538	540
536	539	540
537	538	539
537	538	540
537	539	540
538	539	540
541	542	543
541	542	544
541	542	545
541	543	544
541	543	545
541	544	545
542	543	544
542	543	545
542	544	545
543	544	545
546	547	548
546	547	549
546	547	550
546	548	549
546	548	550
546	549	550
547	548	549
547	548	550
547	549	550
548	549	550
551	552	553
551	552	554
551	552	555
551	553	554
551	553	555
551	554	555
552	553	554
552	553	555
552	554	555
553	554	555
556	557	558
556	557	559
556	557	560
556	558	559
556	558	560
556	559	560
557	558	559
557	558	560
557	559	560
558	559	560
561	562	563
561	562	564
561	562	565
561	563	564
561	563	565
561	564	565
562	563	564
562	563	565
562	564	565
563	564	565
566	567	568
566	567	569
566	567	570
566	568	569
566	568	570
566	569	570
567	568	569
567	568	570
567	569	570
568	569	570
571	572	573
571	572	574
571	572	575
571	573	574
571	573	575
571	574	575
572	573	574
572	573	575
572	574	575
573	574	575
576	577	578
576	577	579
576	577	580
576	578	579
576	578	580
576	579	580
577	578	579
577	578	580
577	579	580
578	579	580
581	582	583
581	582	584
581	582	585
581	583	584
581	583	585
581	584	585
582	583	584
582	583	585
582	584	585
583	584	585
586	587	588
586	587	589
586	587	590
586	588	589
586	588	590
586	589	590
587	588	589
587	588	590
587	589	590
588	589	590
591	592	593
591	592	594
591	592	595
591	593	594
591	593	595
591	594	595
592	593	594
592	593	595
592	594	595
593	594	595
596	597	598
596	597	599
596	597	600
596	598	599
596	598	600
596	599	600
597	598	599
597	598	600
597	599	600
598	599	600
601	602	603
601	602	604
601	602	605
601	603	604
601	603	605
601	604	605
602	603	604
602	603	605
602	604	605
603	604	605
606	607	608
606	607	609
606	607	610
606	608	609
606	608	610
606	609	610
607	608	609
607	608	610
607	609	610
608	609	610
611	612	613
611	612	614
611	612	615
611	613	614
611	613	615
611	614	615
612	613	614
612	613	615
612	614	615
613	614	615
616	617	618
616	617	619
616	617	620
616	618	619
616	618	620
616	619	620
617	618	619
617	618	620
617	619	620
618	619	620
621	622	623
621	622	624
621	622	625
621	623	624
621	623	625
621	624	625
622	623	624
622	623	625
622	624	625
623	624	625
626	627	628
626	627	629
626	627	630
626	628	629
626	628	630
626	629	630
627	628	629
627	628	630
627	629	630
628	629	630
631	632	633
631	632	634
631	632	635
631	633	634
631	633	635
631	634	635
632	633	634
632	633	635
632	634	635
633	634	635
636	637	638
636	637	639
636	637	640
636	638	639
636	638	640
636	639	640
637	638	639
637	638	640
637	639	640
638	639	640
641	642	643
641	642	644
641	642	645
641	643	644
641	643	645
641	644	645
642	643	644
642	643	645
642	644	645
643	644	645
646	647	648
646	647	649
646	647	650
646	648	649
646	648	650
646	649	650
647	648	649
647	648	650
647	649	650
648	649	650
651	652	653
651	652	654
651	652	655
651	653	654
651	653	655
651	654	655
652	653	654
652	653	655
652	654	655
653	654	655
656	657	658
656	657	659
656	657	660
656	658	659
656	658	660
656	659	660
657	658	659
657	658	660
657	659	660
658	659	660
661	662	663
661	662	664
661	662	665
661	663	664
661	663	665
661	664	665
662	663	664
662	663	665
662	664	665
663	664	665
666	667	668
666	667	669
666	667	670
666	668	669
666	668	670
666	669	670
667	668	669
667	668	670
667	669	670
668	669	670
671	672	673
671	672	674
671	672	675
671	673	674
671	673	675
671	674	675
672	673	674
672	673	675
672	674	675
673	674	675
676	677	678
676	677	679
676	677	680
676	678	679
676	678	680
676	679	680
677	678	679
677	678	680
677	679	680
678	679	680
681	682	683
681	682	684
681	682	685
681	683	684
681	683	685
681	684	685
682	683	684
682	683	685
682	684	685
683	684	685
686	687	688
686	687	689
686	687	690
686	688	689
686	688	690
686	689	690
687	688	689
687	688	690
687	689	690
688	689	690
691	692	693
691	692	694
691	692	695
691	693	694
691	693	695
691	694	695
692	693	694
692	693	695
692	694	695
693	694	695
696	697	698
696	697	699
696	697	700
696	698	699
696	698	700
696	699	700
697	698	699
697	698	700
697	699	700
698	699	700
701	702	703
701	702	704
701	702	705
701	703	704
701	703	705
701	704	705
702	703	704
702	703	705
702	704	705
703	704	705
706	707	708
706	707	709
706	707	710
706	708	709
706	708	710
706	709	710
707	708	709
707	708	710
707	709	710
708	709	710
711	712	713
711	712	714
711	712	715
711	713	714
711	713	715
711	714	715
712	713	714
712	713	715
712	714	715
713	714	715
716	717	718
716	717	719
716	717	720
716	718	719
716	718	720
716	719	720
717	718	719
717	718	720
717	719	720
718	719	720
721	722	723
721	722	724
721	722	725
721	723	724
721	723	725
721	724	725
722	723	724
722	723	725
722	724	725
723	724	725
726	727	728
726	727	729
726	727	730
726	728	729
726	728	730
726	729	730
727	728	729
727	728	730
727	729	730
728	729	730
731	732	733
731	732	734
731	732	735
731	733	734
731	733	735
731	734	735
732	733	734
732	733	735
732	734	735
733	734	735
736	737	738
736	737	739
736	737	740
736	738	739
736	738	740
736	739	740
737	738	739
737	738	740
737	739	740
738	739	740
741	742	743
741	742	744
741	742	745
741	743	744
741	743	745
741	744	745
742	743	744
742	743	745
742	744	745
743	744	745
746	747	748
746	747	749
746	747	750
746	748	749
746	748	750
746	749	750
747	748	749
747	748	750
747	749	750
748	749	750
751	752	753
751	752	754
751	752	755
751	753	754
751	753	755
751	754	755
752	753	754
752	753	755
752	754	755
753	754	755
756	757	758
756	757	759
756	757	760
756	758	759
756	758	760
756	759	760
757	758	759
757	758	760
757	759	760
758	759	760
761	762	763
761	762	764
761	762	765
761	763	764
761	763	765
761	764	765
762	763	764
762	763	765
762	764	765
763	764	765
766	767	768
766	767	769
766	767	770
766	768	769
766	768	770
766	769	770
767	768	769
767	768	770
767	769	770
768	769	770
771	772	773
771	772	774
771	772	775
771	773	774
771	773	775
771	774	775
772	773	774
772	773	775
772	774	775
773	774	775
776	777	778
776	777	779
776	777	780
776	778	779
776	778	780
776	779	780
777	778	779
777	778	780
777	779	780
778	779	780
781	782	783
781	782	784
781	782	785
781	783	784
781	783	785
781	784	785
782	783	784
782	783	785
782	784	785
783	784	785
786	787	788
786	787	789
786	787	790
786	788	789
786	788	790
786	789	790
787	788	789
787	788	790
787	789	790
788	789	790
791	792	793
791	792	794
791	792	795
791	793	794
791	793	795
791	794	795
792	793	794
792	793	795
792	794	795
793	794	795
796	797	798
796	797	799
796	797	800
796	798	799
796	798	800
796	799	800
797	798	799
797	798	800
797	799	800
798	799	800
801	802	803
801	802	804
801	802	805
801	803	804
801	803	805
801	804	805
802	803	804
802	803	805
802	804	805
803	804	805
806	807	808
806	807	809
806	807	810
806	808	809
806	808	810
806	809	810
807	808	809
807	808	810
807	809	810
808	809	810
811	812	813
811	812	814
811	812	815
811	813	814
811	813	815
811	814	815
812	813	814
812	813	815
812	814	815
813	814	815
816	817	818
816	817	819
816	817	820
816	818	819
816	818	820
816	819	820
817	818	819
817	818	820
817	819	820
818	819	820
821	822	823
821	822	824
821	822	825
821	823	824
821	823	825
821	824	825
822	823	824
822	823	825
822	824	825
823	824	825
826	827	828
826	827	829
826	827	830
826	828	829
826	828	830
826	829	830
827	828	829
827	828	830
827	829	830
828	829	830
831	832	833
831	832	834
831	832	835
831	833	834
831	833	835
831	834	835
832	833	834
832	833	835
832	834	835
833	834	835
836	837	838
836	837	839
836	837	840
836	838	839
836	838	840
836	839	840
837	838	839
837	838	840
837	839	840
838	839	840
841	842	843
841	842	844
841	842	845
841	843	844
841	843	845
841	844	845
842	843	844
842	843	845
842	844	845
843	844	845
846	847	848
846	847	849
846	847	850
846	848	849
846	848	850
846	849	850
847	848	849
847	848	850
847	849	850
848	849	850
851	852	853
851	852	854
851	852	855
851	853	854
851	853	855
851	854	855
852	853	854
852	853	855
852	854	855
853	854	855
856	857	858
856	857	859
856	857	860
856	858	859
856	858	860
856	859	860
857	858	859
857	858	860
857	859	860
858	859	860
861	862	863
861	862	864
861	862	865
861	863	864
861	863	865
861	864	865
862	863	864
862	863	865
862	864	865
863	864	865
866	867	868
866	867	869
866	867	870
866	868	869
866	868	870
866	869	870
867	868	869
867	868	870
867	869	870
868	869	870
871	872	873
871	872	874
871	872	875
871	873	874
871	873	875
871	874	875
872	873	874
872	873	875
872	874	875
873	874	875
876	877	878
876	877	879
876	877	880
876	878	879
876	878	880
876	879	880
877	878	879
877	878	880
877	879	880
878	879	880
881	882	883
881	882	884
881	882	885
881	883	884
881	883	885
881	884	885
882	883	884
882	883	885
882	884	885
883	884	885
886	887	888
886	887	889
886	887	890
886	888	889
886	888	890
886	889	890
887	888	889
887	888	890
887	889	890
888	889	890
891	892	893
891	892	894
891	892	895
891	893	894
891	893	895
891	894	895
892	893	894
892	893	895
892	894	895
893	894	895
896	897	898
896	897	899
896	897	900
896	898	899
896	898	900
896	899	900
897	898	899
897	898	900
897	899	900
898	899	900
901	902	903
901	902	904
901	902	905
901	903	904
901	903	905
901	904	905
902	903	904
902	903	905
902	904	905
903	904	905
906	907	908
906	907	909
906	907	910
906	908	909
906	908	910
906	909	910
907	908	909
907	908	910
907	909	910
908	909	910
911	912	913
911	912	914
911	912	915
911	913	914
911	913	915
911	914	915
912	913	914
912	913	915
912	914	915
913	914	915
916	917	918
916	917	919
916	917	920
916	918	919
916	918	920
916	919	920
917	918	919
917	918	920
917	919	920
918	919	920
921	922	923
921	922	924
921	922	925
921	923	924
921	923	925
921	924	925
922	923	924
922	923	925
922	924	925
923	924	925
926	927	928
926	927	929
926	927	930
926	928	929
926	928	930
926	929	930
927	928	929
927	928	930
927	929	930
928	929	930
931	932	933
931	932	934
931	932	935
931	933	934
931	933	935
931	934	935
932	933	934
932	933	935
932	934	935
933	934	935
936	937	938
936	937	939
936	937	940
936	938	939
936	938	940
936	939	940
937	938	939
937	938	940
937	939	940
938	939	940
941	942	943
941	942	944
941	942	945
941	943	944
941	943	945
941	944	945
942	943	944
942	943	945
942	944	945
943	944	945
946	947	948
946	947	949
946	947	950
946	948	949
946	948	950
946	949	950
947	948	949
947	948	950
947	949	950
948	949	950
951	952	953
951	952	954
951	952	955
951	953	954
951	953	955
951	954	955
952	953	954
952	953	955
952	954	955
953	954	955
956	957	958
956	957	959
956	957	960
956	958	959
956	958	960
956	959	960
957	958	959
957	958	960
957	959	960
958	959	960
961	962	963
961	962	964
961	962	965
961	963	964
961	963	965
961	964	965
962	963	964
962	963	965
962	964	965
963	964	965
966	967	968
966	967	969
966	967	970
966	968	969
966	968	970
966	969	970
967	968	969
967	968	970
967	969	970
968	969	970
971	972	973
971	972	974
971	972	975
971	973	974
971	973	975
971	974	975
972	973	974
972	973	975
972	974	975
973	974	975
976	977	978
976	977	979
976	977	980
976	978	979
976	978	980
976	979	980
977	978	979
977	978	980
977	979	980
978	979	980
981	982	983
981	982	984
981	982	985
981	983	984
981	983	985
981	984	985
982	983	984
982	983	985
982	984	985
983	984	985
986	987	988
986	987	989
986	987	990
986	988	989
986	988	990
986	989	990
987	988	989
987	988	990
987	989	990
988	989	990
991	992	993
991	992	994
991	992	995
991	993	994
991	993	995
991	994	995
992	993	994
992	993	995
992	994	995
993	994	995
996	997	998
996	997	999
996	997	1000
996	998	999
996	998	1000
996	999	1000
997	998	999
997	998	1000
997	999	1000
998	999	1000
