213	467	985
153	277	279
1	89	871
393	791	953
1	164	918
215	356	397
217	229	729
2	100	924
2	4	943
4	268	741
8	65	776
90	221	840
7	665	736
66	334	400
363	844	993
364	476	915
200	400	580
806	894	988
190	301	560
40	205	823
172	336	943
357	864	997
55	607	668
71	160	376
62	515	701
496	546	914
5	96	772
197	327	656
10	15	427
14	147	668
88	316	573
16	183	525
179	831	851
19	500	967
172	490	982
11	381	612
85	296	666
89	517	565
19	83	321
8	226	924
234	397	870
621	727	958
128	823	998
24	66	759
89	319	326
25	772	892
651	730	787
240	548	819
35	459	871
146	702	891
197	367	445
180	659	687
143	602	909
77	472	730
300	364	636
98	222	331
41	142	479
188	287	433
303	339	425
133	397	884
764	774	867
325	442	738
708	762	837
383	646	793
214	589	695
441	602	608
65	418	981
100	346	641
323	601	833
33	731	928
723	724	742
33	516	676
174	799	822
18	420	523
1	219	374
584	679	913
181	412	995
81	790	894
236	555	764
338	666	982
45	736	753
44	145	799
637	646	916
440	512	576
213	320	1000
44	146	583
42	333	543
813	844	974
319	689	808
173	337	912
255	459	943
49	141	248
60	145	900
18	48	970
563	721	756
252	535	931
49	70	848
48	316	582
49	591	965
110	143	830
217	247	497
54	316	569
131	199	888
12	54	111
34	704	870
182	379	586
107	327	958
92	193	295
52	84	476
55	447	466
400	668	863
204	224	468
59	278	679
58	169	541
56	614	735
107	116	472
58	697	963
33	613	616
310	524	655
60	334	962
139	560	617
88	369	538
121	244	1000
414	636	926
351	586	728
48	129	607
62	344	733
51	110	799
1	611	849
64	69	92
562	804	940
424	450	779
126	345	638
650	715	986
177	730	921
516	656	926
68	103	571
72	127	711
593	700	970
41	490	572
71	498	623
72	496	626
158	438	978
821	923	957
461	708	751
517	643	838
170	187	899
72	227	333
51	481	936
24	513	641
54	77	763
84	519	540
186	903	988
145	176	857
80	341	365
238	329	903
90	640	880
123	712	803
101	376	666
148	706	787
363	677	910
82	179	739
64	490	871
533	552	665
86	609	659
64	233	405
214	441	754
237	373	991
102	529	857
494	508	907
336	568	599
318	321	553
86	714	804
81	96	837
193	790	969
61	240	643
374	528	755
166	360	758
90	645	751
50	256	613
309	378	467
283	295	779
166	399	637
91	830	946
259	520	599
155	235	883
317	381	663
71	382	511
138	186	222
121	242	630
532	854	873
369	638	919
118	664	941
157	185	262
91	706	858
144	312	681
21	260	541
86	88	119
97	330	410
27	747	754
204	272	724
104	350	802
252	937	962
101	458	749
221	262	713
94	258	369
80	417	579
192	275	384
396	458	720
543	667	838
29	909	965
150	461	860
106	133	774
267	455	590
108	220	254
660	679	850
505	506	597
107	108	257
371	568	749
109	541	847
281	913	925
129	164	939
163	906	918
114	403	623
244	329	625
46	727	885
273	740	914
113	587	929
115	723	794
364	445	853
436	467	862
726	754	918
321	696	882
155	769	986
614	670	742
276	662	946
116	716	732
103	429	816
23	216	516
67	274	637
78	430	598
58	628	648
122	594	855
90	458	803
122	717	746
775	815	928
103	124	364
126	911	919
266	427	485
147	160	895
42	684	929
126	284	486
164	784	797
126	473	906
404	589	993
166	446	763
127	214	480
6	238	598
107	406	500
231	318	357
683	721	735
132	351	814
1	135	210
39	401	506
131	285	817
470	628	977
264	808	883
428	498	749
332	372	822
388	552	619
30	567	864
361	657	927
155	218	426
225	389	722
335	573	929
253	343	886
139	437	460
140	201	206
2	111	642
139	407	481
26	171	848
142	168	255
538	609	863
517	778	818
226	252	635
38	144	482
143	186	489
44	410	972
170	275	960
194	613	942
160	572	724
363	920	947
196	227	680
198	261	303
324	379	751
440	830	900
273	408	536
163	246	300
385	818	904
38	289	544
192	577	705
448	451	825
2	335	701
277	617	750
133	155	944
83	237	462
514	898	968
206	771	839
154	533	595
153	335	990
105	198	249
303	849	911
43	359	711
354	463	703
160	234	284
159	919	946
350	770	855
50	661	967
226	291	503
716	832	909
650	895	964
421	716	958
461	483	489
83	244	479
73	161	220
53	256	382
228	682	946
163	332	757
103	729	753
562	742	808
29	554	876
329	455	918
159	478	709
43	770	932
201	370	943
261	387	963
169	475	769
200	526	620
119	398	583
522	526	798
39	54	653
11	409	842
9	11	231
129	428	669
152	648	694
223	227	698
434	854	882
292	308	795
156	547	577
97	663	987
162	315	662
42	459	811
178	650	672
193	312	710
371	558	675
414	466	847
411	555	694
38	177	180
485	635	759
91	380	827
12	178	493
184	535	720
246	420	974
124	154	493
34	181	744
188	760	896
184	282	645
388	645	745
40	347	916
638	686	948
371	889	995
87	109	343
210	310	798
35	522	872
494	690	908
331	344	499
91	248	847
452	699	949
664	866	870
348	452	993
151	193	629
134	346	467
357	375	897
78	678	717
194	815	832
10	84	324
407	807	932
153	554	858
135	489	667
195	562	904
250	368	832
244	694	723
566	802	858
33	253	826
196	659	718
274	658	817
49	169	171
180	440	604
361	506	598
78	199	929
202	662	916
121	887	918
410	636	912
608	787	911
146	203	353
749	869	873
13	29	801
14	639	940
137	138	153
62	444	806
296	366	686
315	519	989
168	295	673
311	835	915
548	592	685
206	348	396
203	532	898
45	102	689
291	306	941
40	208	611
211	275	446
60	518	582
255	786	991
32	970	971
417	475	655
561	645	654
360	774	975
279	829	905
584	621	980
263	412	838
900	905	985
120	326	952
264	419	798
465	703	873
35	216	737
135	141	952
189	654	767
7	214	937
219	235	864
46	79	170
426	722	881
224	525	823
221	509	738
473	814	828
225	331	439
171	574	701
441	618	965
225	699	831
345	853	978
31	223	497
125	229	428
475	779	857
42	125	621
502	615	775
480	696	796
319	741	849
40	481	869
120	536	942
208	875	947
3	313	547
185	521	559
520	699	870
315	682	776
212	234	270
3	141	261
40	55	250
74	232	234
419	965	986
575	771	974
168	233	826
45	117	361
194	237	900
111	236	991
59	239	865
451	758	772
780	960	966
174	215	573
156	376	537
15	385	745
147	764	894
26	355	852
576	601	662
145	233	901
322	956	970
161	444	664
168	352	439
110	747	896
187	331	392
93	817	839
54	145	867
313	690	930
150	819	853
71	551	606
9	777	984
192	428	585
482	781	998
135	200	694
135	247	884
773	908	963
67	72	539
73	615	655
254	628	907
754	756	874
564	662	920
123	255	672
10	254	963
202	519	614
419	484	519
186	625	825
203	253	438
131	305	631
105	267	652
36	257	529
258	394	470
15	409	934
256	524	546
224	258	618
158	249	884
525	568	876
492	644	861
144	220	701
106	326	485
157	300	435
306	541	981
92	93	619
296	848	937
114	262	563
560	592	862
350	419	869
74	338	689
258	559	812
74	204	500
424	507	902
142	339	861
229	285	477
449	639	886
265	933	991
257	648	674
120	549	933
268	574	928
122	438	509
272	389	499
91	230	619
223	292	372
10	275	889
241	287	990
370	792	925
157	233	613
359	651	652
450	581	629
476	668	780
276	643	764
333	524	992
261	279	358
52	85	388
45	112	956
282	348	642
353	797	915
79	511	885
557	750	840
360	583	923
315	591	705
475	533	678
127	281	692
159	254	775
211	606	966
302	339	977
111	399	455
4	456	729
127	634	913
696	948	982
343	444	597
32	190	504
695	740	793
106	488	972
164	294	302
115	586	781
588	693	974
256	495	608
152	367	444
30	213	806
498	548	712
188	717	748
78	117	285
293	830	931
471	747	762
11	468	1000
751	805	983
112	684	981
557	648	755
28	239	318
84	494	591
300	529	707
298	408	725
231	593	632
448	660	747
298	422	885
195	298	969
164	299	379
213	219	626
32	365	390
109	304	618
301	365	852
240	569	588
93	862	865
37	269	975
291	561	583
213	504	785
290	301	755
234	382	461
246	432	907
307	495	867
115	494	984
328	610	992
63	306	784
136	309	746
62	509	516
21	722	912
23	348	884
37	301	768
19	271	314
481	546	949
484	961	970
266	810	950
311	610	722
162	314	737
148	636	967
39	372	720
268	476	992
746	835	953
259	424	855
271	659	770
721	722	757
25	334	372
473	768	777
59	543	683
133	317	436
293	579	961
159	319	726
178	344	391
55	135	531
239	356	667
36	167	209
782	790	859
355	597	944
325	636	748
627	904	915
436	498	910
342	644	682
176	474	527
155	674	794
478	793	810
633	740	795
25	617	766
196	328	741
19	202	778
323	445	458
176	330	693
104	241	748
165	289	328
216	702	954
4	373	576
108	361	671
259	833	996
493	627	824
214	345	359
656	719	771
74	593	923
763	911	928
125	218	334
596	743	846
379	576	632
68	247	686
796	917	996
425	542	814
429	561	875
144	588	890
39	830	847
521	725	811
273	469	555
243	277	341
242	496	963
325	402	863
221	341	972
172	640	643
23	280	646
286	510	845
228	696	863
491	731	935
416	515	632
3	289	859
173	216	346
41	346	740
453	611	752
601	644	890
346	640	878
164	480	943
347	726	837
454	596	869
349	779	858
238	351	353
67	197	805
251	323	328
137	152	685
426	634	638
162	361	865
171	353	932
511	750	961
354	383	1000
354	393	917
217	435	888
197	765	961
602	952	985
179	645	889
698	728	849
224	519	656
185	429	664
36	357	522
5	47	650
206	344	393
46	596	785
288	416	626
229	343	365
300	369	934
21	266	887
86	102	532
111	113	860
325	737	955
140	562	977
249	363	902
362	709	824
241	366	394
65	877	969
57	321	539
566	676	942
369	531	586
63	506	766
594	776	874
123	134	545
93	651	994
76	635	653
146	544	976
280	511	783
399	842	875
30	36	371
252	625	856
423	441	485
21	691	905
302	374	960
492	565	833
80	377	497
377	557	580
28	761	818
2	20	149
99	705	792
269	558	994
377	763	949
261	634	836
110	382	428
80	379	978
147	462	742
191	328	544
482	524	802
628	790	804
181	299	883
370	499	979
384	387	430
122	160	549
687	712	729
564	727	984
646	705	902
223	914	974
131	239	386
273	496	773
76	756	777
48	98	386
106	570	694
184	297	583
304	411	588
359	389	649
64	392	557
99	278	712
274	395	500
108	888	976
391	521	525
106	191	395
297	392	958
53	392	827
34	913	999
207	311	795
201	398	626
195	460	821
277	366	757
316	525	921
308	590	883
191	571	757
318	520	893
309	569	721
74	178	394
184	573	869
393	856	865
401	402	478
251	401	537
476	497	564
245	442	930
602	606	724
10	488	923
177	815	834
134	143	433
148	405	483
276	305	543
417	600	773
453	914	982
79	408	727
696	878	972
113	336	638
397	409	794
243	380	780
332	362	479
409	410	769
20	38	826
569	657	896
98	402	573
411	425	453
242	631	706
376	519	856
412	413	891
507	524	596
412	414	961
484	809	872
182	223	535
75	129	688
376	515	990
57	593	930
98	242	725
456	491	532
42	818	874
115	417	623
642	709	988
181	513	957
727	728	891
271	663	866
41	182	821
330	356	408
70	280	738
182	312	714
237	699	725
842	880	940
422	610	751
309	336	423
179	362	509
250	477	482
132	215	771
758	900	922
39	167	603
143	863	869
451	566	783
44	462	935
117	199	918
9	842	921
77	427	872
79	434	898
22	84	909
391	431	903
357	431	450
431	791	879
523	779	912
99	244	432
345	762	772
435	628	795
213	324	589
112	167	975
53	437	713
274	690	979
590	778	977
85	236	542
76	323	437
683	688	732
207	252	404
439	577	752
27	245	767
745	786	854
210	279	670
409	705	994
298	443	737
173	252	286
469	886	973
358	536	992
423	865	921
137	289	837
75	637	788
370	678	952
86	807	893
57	130	512
448	632	996
161	355	465
260	375	620
430	527	680
402	447	602
296	297	608
86	452	829
552	703	806
262	452	472
453	720	834
269	766	976
136	784	814
165	359	555
140	737	851
180	245	310
47	759	800
187	515	803
61	457	581
367	401	622
284	454	687
190	388	620
66	93	195
243	333	410
348	418	698
81	355	538
44	214	968
248	566	689
394	462	855
415	508	909
183	405	629
374	410	584
6	147	464
273	349	464
121	134	463
89	654	666
189	324	712
120	414	550
205	746	840
52	112	531
3	56	862
98	207	466
203	419	550
16	581	594
30	241	550
46	806	933
192	288	908
471	472	743
139	277	733
442	700	993
119	474	745
530	551	590
51	471	755
225	318	474
70	92	440
128	472	585
356	449	665
199	328	477
137	551	662
70	138	674
511	528	950
352	689	919
299	307	627
83	478	877
175	520	713
370	764	945
478	777	845
87	293	566
16	674	940
614	736	846
218	302	743
98	695	872
17	484	857
63	465	973
305	404	425
470	546	935
270	479	916
13	511	561
222	391	469
376	491	968
272	515	925
152	486	490
174	655	959
260	637	789
25	432	800
349	558	755
390	489	940
262	295	860
304	492	957
87	278	492
470	502	889
421	947	954
603	619	924
67	130	881
33	283	492
495	585	588
471	495	902
4	52	655
496	936	999
167	408	500
126	612	617
28	518	536
499	730	905
111	675	813
60	182	212
205	718	926
185	742	784
684	778	796
299	480	647
501	843	945
414	716	789
308	503	545
57	504	725
172	554	831
212	439	551
263	676	733
67	227	491
263	627	630
207	600	685
198	539	980
245	887	903
479	592	609
95	420	791
3	15	139
441	621	682
173	293	464
30	190	276
512	570	789
606	768	862
385	515	864
174	442	631
101	888	934
411	554	852
368	496	842
259	830	920
54	169	361
128	140	971
113	270	450
260	650	850
80	132	885
121	518	639
13	309	522
89	347	597
251	260	810
28	583	877
185	418	887
175	372	630
163	230	582
203	352	733
614	642	876
668	730	901
790	797	985
23	353	897
176	400	571
422	707	937
508	679	747
272	439	926
101	279	556
310	385	931
37	438	600
132	528	766
170	285	691
65	576	927
584	599	951
291	592	612
527	700	891
367	528	601
379	518	600
120	534	574
66	110	835
20	87	959
109	543	664
49	85	685
407	775	819
340	829	843
146	901	973
96	681	893
27	536	726
539	604	892
198	609	927
482	726	786
340	538	606
56	367	767
377	477	505
109	257	571
51	913	992
307	435	944
99	183	641
245	402	542
453	508	711
43	345	760
3	339	692
225	589	807
42	724	812
276	637	949
269	493	770
31	647	861
264	362	547
267	292	433
404	580	980
403	553	573
624	904	976
190	563	905
292	314	401
107	547	640
457	493	570
692	931	954
50	820	883
503	552	804
152	340	818
458	714	744
555	708	931
166	501	738
82	125	962
285	455	716
195	809	846
554	643	759
461	503	838
25	56	910
474	614	964
498	559	768
243	564	631
874	902	948
559	706	957
681	766	987
183	560	962
246	355	378
91	102	338
426	564	815
247	809	905
443	481	979
565	610	998
625	676	878
284	320	673
464	670	853
127	565	702
165	680	955
391	707	870
404	567	975
317	449	594
380	609	620
99	457	733
594	696	719
19	362	843
88	289	904
37	731	841
31	287	715
283	616	660
238	443	840
265	285	667
251	504	933
327	578	733
75	76	987
10	305	572
253	316	592
312	760	879
246	275	546
381	677	906
799	920	936
190	199	513
534	772	851
249	539	834
305	684	922
117	530	567
46	250	837
136	451	579
13	527	578
282	373	457
101	152	924
59	128	735
138	215	741
47	443	658
282	581	997
74	157	916
68	140	946
183	585	626
584	773	860
211	438	587
169	347	483
281	919	924
368	452	586
487	626	848
292	466	765
476	587	810
159	249	822
77	398	501
270	782	895
591	592	963
450	489	510
307	591	849
148	425	721
35	591	607
196	391	669
181	398	437
441	595	714
368	509	605
88	422	717
76	168	390
104	294	599
375	432	588
136	420	693
374	420	654
268	380	540
313	434	812
31	327	582
222	314	584
161	265	598
203	396	875
504	641	649
293	633	768
239	675	750
605	843	855
605	763	821
99	828	834
29	43	537
69	127	825
498	658	985
192	494	844
386	467	698
741	844	976
64	785	953
403	719	967
335	341	866
406	589	938
187	697	968
105	392	984
115	327	934
493	781	957
403	449	675
210	779	939
545	917	973
389	661	984
220	274	576
61	221	237
418	486	612
710	795	954
295	613	929
449	622	950
53	616	825
311	396	879
295	586	690
590	832	941
83	263	514
619	672	809
48	682	760
405	617	703
216	663	687
219	489	763
624	639	767
95	173	622
17	149	623
299	329	561
792	795	960
168	306	548
537	857	947
103	533	554
60	625	727
269	506	930
56	259	372
173	263	926
200	542	628
69	487	936
208	922	960
337	641	718
358	400	552
291	330	933
156	629	901
248	504	688
337	542	982
231	732	998
158	353	483
406	472	633
5	228	634
139	499	632
16	50	912
745	769	799
400	660	898
582	752	808
308	395	462
210	246	892
23	114	256
89	572	802
114	408	549
491	578	714
53	549	956
33	284	640
113	364	898
257	273	406
258	340	565
364	661	916
228	783	807
488	556	813
150	811	988
475	642	898
149	748	959
442	484	644
39	77	553
110	278	801
853	876	972
62	162	647
8	206	541
18	679	832
179	254	994
453	505	971
306	426	983
383	473	693
48	147	917
333	652	948
118	294	451
299	370	652
335	338	653
194	655	713
161	212	730
314	653	800
183	240	430
547	652	882
165	231	942
332	680	892
90	243	578
290	452	475
648	875	942
367	656	997
41	123	371
119	165	695
634	657	757
196	660	880
528	678	739
158	343	904
64	456	611
95	191	718
449	982	993
59	415	620
413	633	804
264	852	907
105	294	454
609	953	999
748	780	785
201	534	965
67	138	669
41	283	422
366	762	986
459	575	579
78	603	723
200	466	683
82	209	838
274	375	670
644	886	936
647	791	854
331	623	672
646	671	881
18	680	820
351	922	950
707	782	828
765	969	989
22	283	303
220	345	418
417	776	891
427	677	746
177	431	669
413	534	582
118	790	868
133	151	704
126	739	800
257	339	677
63	551	816
130	153	701
383	393	429
150	568	927
290	481	784
116	681	734
82	507	892
589	674	683
16	217	980
603	613	754
181	523	683
616	661	794
352	436	673
38	162	708
459	845	899
575	731	775
317	415	710
448	686	975
82	304	689
424	567	765
322	417	944
45	336	413
445	544	688
363	692	813
692	788	861
413	868	995
864	882	976
619	691	695
342	469	541
17	326	502
154	892	964
103	150	690
480	595	693
26	697	841
468	787	873
405	512	514
133	217	635
244	618	700
80	356	495
517	595	676
482	488	600
46	104	131
544	560	876
516	661	702
337	398	883
311	574	577
734	817	947
20	563	772
5	704	812
407	486	801
172	238	399
289	389	646
271	768	801
27	175	206
387	707	803
649	710	953
532	706	748
35	225	710
423	709	777
650	822	903
141	444	708
69	555	710
369	440	966
205	236	490
283	638	766
517	692	826
694	850	902
673	713	910
73	346	836
218	383	523
231	250	712
232	518	819
537	714	715
255	385	558
717	839	850
188	230	506
170	581	604
411	448	675
22	543	773
302	357	930
65	521	787
167	278	649
107	395	540
298	349	949
329	396	399
530	575	721
382	397	836
812	816	893
387	700	724
287	325	383
148	595	745
460	725	838
94	536	891
755	827	987
92	199	616
76	492	719
81	668	728
82	422	901
102	729	758
315	387	750
291	665	986
73	209	585
237	911	978
457	672	879
487	672	732
356	635	948
277	634	703
114	447	754
19	669	735
322	403	798
371	483	732
618	732	908
22	32	510
96	221	605
162	579	736
527	737	914
21	69	761
143	280	307
258	352	387
29	429	433
55	706	935
534	930	996
354	397	688
116	661	975
8	94	501
723	758	776
320	744	782
548	682	896
100	142	563
320	454	526
388	743	834
134	575	868
407	432	878
208	219	746
739	920	952
128	897	921
264	542	570
71	332	722
104	301	998
444	671	677
201	508	522
219	430	816
319	530	801
57	753	980
109	378	810
294	702	894
186	664	698
420	569	604
270	395	913
627	753	873
303	610	828
171	311	418
287	396	829
193	228	610
192	209	319
216	578	907
487	577	872
323	715	934
6	248	833
193	455	719
378	760	856
170	550	843
144	169	824
335	568	833
520	611	667
50	151	176
4	751	761
156	184	671
37	547	761
6	79	307
132	762	873
138	312	465
21	92	621
232	767	968
464	709	778
558	563	945
7	670	699
140	510	944
265	365	749
473	767	769
105	749	786
354	774	966
57	380	761
343	483	615
180	507	615
100	479	987
9	317	401
120	524	556
503	570	996
204	375	955
368	625	803
28	224	242
660	829	868
178	639	938
63	629	831
388	415	991
15	226	460
230	565	989
434	759	996
60	342	820
32	122	377
899	935	983
113	685	771
781	835	865
322	781	782
785	823	919
12	79	624
249	785	959
124	781	863
191	783	995
23	782	925
413	427	526
659	808	811
36	382	548
553	910	995
360	675	800
477	513	878
633	866	901
58	304	457
789	844	939
117	501	612
341	509	538
119	142	716
423	824	841
118	631	994
7	791	792
392	791	793
267	271	423
59	286	813
272	349	937
130	615	967
681	861	868
281	355	540
154	236	897
83	399	678
432	564	938
290	342	606
63	430	798
13	175	796
159	235	753
5	786	798
797	800	998
186	826	877
350	381	735
784	851	925
373	657	802
378	608	816
497	805	950
47	101	647
494	801	899
136	470	805
217	802	970
141	678	805
259	347	429
270	806	809
622	807	831
348	760	906
351	384	598
174	532	939
40	129	560
436	600	697
226	313	752
465	550	965
25	386	598
386	642	871
567	604	978
118	502	999
191	238	821
235	451	857
96	342	362
265	454	813
34	234	523
215	505	679
247	354	501
434	568	885
384	549	764
200	428	514
210	403	820
360	796	858
549	686	817
30	521	618
286	817	867
427	447	550
68	310	759
118	276	566
769	821	882
464	607	832
545	557	762
275	460	527
94	421	780
497	562	649
579	636	825
330	603	823
267	317	828
286	303	736
232	378	827
744	828	896
31	486	899
416	545	590
842	997	999
404	666	889
124	155	229
9	350	829
446	715	726
123	744	951
142	153	783
351	770	879
480	687	835
268	406	512
535	906	988
56	324	534
134	202	794
250	557	774
540	876	899
58	117	698
601	837	850
373	673	839
530	595	955
326	513	836
212	654	812
266	885	948
412	822	895
72	596	633
663	752	973
43	499	570
52	839	841
149	280	756
717	728	888
330	333	841
654	686	843
95	681	927
290	571	845
167	859	993
2	846	989
409	575	847
232	516	538
112	165	254
184	268	987
24	313	458
211	697	719
691	886	935
648	847	849
7	531	674
207	703	851
27	69	793
229	359	824
287	859	932
478	574	658
559	877	949
61	100	964
148	332	456
204	852	854
11	49	820
385	544	599
77	334	915
297	338	773
580	715	856
440	744	945
251	526	831
177	267	437
486	840	858
108	587	630
75	197	814
426	502	978
439	622	757
611	827	848
377	659	740
228	263	585
16	700	861
145	690	848
36	122	256
51	517	867
12	652	718
151	743	866
128	810	871
676	814	980
20	875	877
51	390	868
55	454	571
166	558	734
223	505	799
651	734	797
398	466	691
119	871	894
477	607	874
227	629	872
104	602	604
93	740	966
81	467	874
294	296	468
45	233	820
14	96	818
502	771	897
68	621	917
321	804	896
255	425	456
394	819	852
5	711	840
247	630	665
350	416	854
58	556	966
73	130	765
156	175	777
95	507	971
879	900	921
7	620	788
144	704	968
529	608	665
178	470	881
87	160	640
15	284	308
233	728	761
363	616	673
656	702	815
22	605	699
189	581	839
322	529	711
97	149	788
890	933	951
298	788	880
12	341	622
887	889	890
468	508	535
202	264	964
34	653	938
415	474	632
390	510	535
17	380	951
32	211	713
302	412	866
615	895	988
123	288	711
157	631	894
327	691	786
116	288	881
658	731	917
116	468	487
189	208	693
75	446	635
24	27	624
179	897	997
8	241	793
553	864	991
188	212	903
28	241	738
196	456	811
344	459	794
326	945	964
124	271	895
227	324	747
342	421	431
163	789	1000
24	230	329
286	908	981
421	462	906
26	551	572
121	437	752
827	853	907
580	644	789
12	166	384
201	599	910
97	780	862
230	521	971
198	395	578
189	455	647
314	315	977
70	446	846
149	594	911
204	658	990
14	102	305
18	841	890
406	415	809
446	819	915
106	424	471
100	105	194
545	753	983
158	529	739
1	337	587
323	704	925
125	695	860
189	447	684
24	85	734
131	187	920
171	242	825
18	205	208
85	859	922
26	232	729
280	671	979
278	366	465
35	561	961
31	316	778
6	531	651
13	260	530
240	881	926
137	340	360
73	95	163
569	627	928
44	300	912
373	552	735
522	657	929
52	701	937
433	927	989
108	154	641
137	596	756
8	707	718
884	932	981
68	495	523
87	931	946
182	245	934
112	487	491
26	53	909
540	824	932
738	940	942
310	358	572
239	265	936
34	158	567
218	226	859
447	485	518
402	512	956
684	938	971
14	416	461
253	939	994
124	141	218
150	337	943
20	559	941
50	202	867
624	708	720
125	463	941
562	941	995
97	187	312
630	709	945
11	471	944
38	205	339
71	130	574
318	507	833
301	433	505
222	490	649
358	411	577
313	334	950
65	888	956
172	463	989
272	365	887
61	788	823
463	593	952
414	845	955
43	951	955
146	288	331
443	808	953
94	224	290
115	742	750
29	765	954
151	352	954
488	723	736
774	923	958
322	469	844
266	336	956
185	304	474
90	443	756
297	539	938
47	389	816
349	697	958
72	520	959
235	776	947
347	739	962
151	770	886
88	215	687
448	514	667
513	525	792
17	416	463
84	220	835
209	553	974
435	593	962
211	450	597
198	292	340
222	344	500
188	951	983
261	296	533
279	510	546
156	306	685
157	720	969
269	293	923
235	597	997
282	811	969
386	805	884
132	368	704
419	514	731
154	281	908
129	394	651
14	282	870
180	194	972
197	393	882
288	374	503
61	308	973
70	643	734
484	485	834
243	297	607
75	320	836
78	161	967
22	97	979
253	924	977
381	688	775
251	445	473
445	526	605
623	758	981
281	442	984
488	603	985
405	653	878
94	248	460
531	850	922
663	670	803
66	880	960
136	528	556
236	836	983
47	680	957
677	792	914
9	325	469
209	390	741
177	617	990
262	436	986
174	358	639
175	434	890
537	601	657
375	381	855
338	556	815
17	266	846
366	807	851
612	669	796
62	435	797
320	787	893
407	438	992
309	533	822
580	587	880
114	645	928
240	424	893
37	207	939
195	959	979
66	671	999
384	856	990
431	743	826
81	705	783
6	624	666
176	321	845
421	860	1000
