0	1	2
0	1	3
0	1	4
0	1	5
0	1	7
0	1	9
0	1	10
0	1	11
0	2	3
0	2	4
0	2	5
0	2	7
0	2	9
0	2	10
0	2	11
0	3	4
0	3	5
0	3	7
0	3	9
0	3	10
0	3	11
0	4	5
0	4	7
0	4	9
0	4	11
0	5	9
0	7	10
0	7	11
0	9	10
0	9	11
0	10	11
1	2	3
1	2	4
1	2	5
1	2	6
1	2	7
1	2	9
1	2	10
1	2	11
1	2	14
1	2	42
1	3	4
1	3	5
1	3	7
1	3	9
1	3	10
1	3	11
1	3	42
1	4	5
1	4	6
1	4	7
1	4	9
1	4	11
1	4	14
1	4	42
1	5	6
1	5	9
1	5	14
1	5	42
1	6	7
1	6	14
1	6	42
1	7	10
1	7	11
1	9	10
1	9	11
1	9	14
1	9	42
1	10	11
1	10	14
1	10	42
1	11	14
1	14	42
2	3	4
2	3	5
2	3	7
2	3	9
2	3	10
2	3	11
2	3	16
2	3	17
2	3	36
2	3	42
2	4	5
2	4	6
2	4	7
2	4	8
2	4	9
2	4	11
2	4	14
2	4	16
2	4	17
2	4	26
2	4	36
2	4	42
2	5	6
2	5	9
2	5	12
2	5	13
2	5	14
2	5	16
2	5	17
2	5	40
2	5	41
2	5	42
2	6	7
2	6	8
2	6	14
2	6	25
2	6	26
2	6	42
2	7	8
2	7	10
2	7	11
2	7	26
2	8	10
2	8	26
2	9	10
2	9	11
2	9	14
2	9	17
2	9	26
2	9	40
2	9	42
2	10	11
2	10	14
2	10	17
2	10	26
2	10	40
2	10	42
2	11	12
2	11	14
2	11	16
2	11	17
2	11	25
2	11	26
2	11	36
2	11	40
2	12	14
2	12	16
2	12	17
2	12	25
2	12	26
2	12	36
2	12	40
2	13	14
2	14	16
2	14	17
2	14	25
2	14	26
2	14	36
2	14	40
2	14	41
2	14	42
2	16	17
2	16	25
2	16	40
2	16	42
2	17	25
2	17	26
2	25	26
2	25	36
2	25	40
2	25	42
2	26	36
2	36	40
2	36	41
2	36	42
2	40	41
2	40	42
2	41	42
3	4	5
3	4	7
3	4	9
3	4	11
3	4	15
3	4	16
3	4	17
3	4	36
3	4	42
3	4	50
3	4	51
3	4	52
3	4	58
3	4	59
3	5	9
3	5	15
3	5	16
3	5	17
3	5	42
3	5	52
3	5	58
3	5	59
3	7	10
3	7	11
3	7	15
3	7	52
3	9	10
3	9	11
3	9	15
3	9	17
3	9	42
3	9	58
3	9	59
3	10	11
3	10	17
3	10	42
3	10	58
3	10	59
3	11	15
3	11	16
3	11	17
3	11	36
3	11	50
3	11	51
3	11	52
3	11	58
3	11	59
3	15	17
3	15	36
3	15	50
3	15	51
3	15	52
3	15	58
3	15	59
3	16	17
3	16	42
3	16	52
3	16	59
3	17	50
3	17	51
3	17	52
3	17	58
3	17	59
3	36	42
3	36	51
3	36	52
3	42	50
3	42	51
3	42	52
3	50	52
3	50	58
3	50	59
3	51	52
3	51	58
3	51	59
3	52	58
3	52	59
3	58	59
4	5	6
4	5	9
4	5	14
4	5	15
4	5	16
4	5	17
4	5	37
4	5	42
4	5	52
4	5	58
4	5	59
4	6	7
4	6	8
4	6	14
4	6	15
4	6	26
4	6	37
4	6	42
4	6	47
4	6	49
4	6	50
4	6	51
4	6	52
4	6	58
4	6	59
4	7	8
4	7	11
4	7	15
4	7	26
4	7	52
4	8	15
4	8	26
4	8	50
4	8	51
4	8	52
4	9	11
4	9	14
4	9	15
4	9	17
4	9	26
4	9	42
4	9	58
4	9	59
4	11	14
4	11	15
4	11	16
4	11	17
4	11	26
4	11	36
4	11	37
4	11	47
4	11	50
4	11	51
4	11	52
4	11	58
4	11	59
4	14	16
4	14	17
4	14	26
4	14	36
4	14	37
4	14	42
4	14	47
4	14	49
4	14	50
4	14	51
4	14	52
4	14	58
4	15	17
4	15	26
4	15	36
4	15	37
4	15	47
4	15	50
4	15	51
4	15	52
4	15	58
4	15	59
4	16	17
4	16	42
4	16	52
4	16	59
4	17	26
4	17	47
4	17	49
4	17	50
4	17	51
4	17	52
4	17	58
4	17	59
4	26	36
4	26	37
4	26	47
4	26	49
4	26	50
4	26	51
4	26	52
4	26	58
4	26	59
4	36	37
4	36	42
4	36	47
4	36	49
4	36	51
4	36	52
4	37	42
4	37	47
4	37	49
4	37	50
4	37	51
4	37	52
4	37	58
4	37	59
4	42	47
4	42	50
4	42	51
4	42	52
4	47	49
4	47	50
4	47	51
4	47	52
4	47	58
4	47	59
4	49	50
4	49	51
4	49	52
4	49	58
4	49	59
4	50	52
4	50	58
4	50	59
4	51	52
4	51	58
4	51	59
4	52	58
4	52	59
4	58	59
5	6	14
5	6	15
5	6	37
5	6	42
5	6	43
5	6	52
5	6	58
5	6	59
5	9	14
5	9	15
5	9	17
5	9	40
5	9	42
5	9	58
5	9	59
5	12	14
5	12	15
5	12	16
5	12	17
5	12	37
5	12	40
5	12	52
5	12	54
5	12	58
5	12	59
5	13	14
5	14	16
5	14	17
5	14	34
5	14	37
5	14	39
5	14	40
5	14	41
5	14	42
5	14	43
5	14	45
5	14	52
5	14	54
5	14	58
5	15	17
5	15	34
5	15	35
5	15	37
5	15	39
5	15	40
5	15	41
5	15	43
5	15	45
5	15	52
5	15	58
5	15	59
5	16	17
5	16	40
5	16	42
5	16	43
5	16	52
5	16	54
5	16	59
5	17	52
5	17	54
5	17	58
5	17	59
5	34	35
5	34	37
5	34	39
5	34	40
5	34	41
5	34	42
5	34	43
5	34	45
5	34	52
5	34	54
5	35	39
5	35	40
5	35	41
5	35	42
5	35	43
5	35	45
5	35	52
5	35	54
5	35	58
5	35	59
5	37	39
5	37	40
5	37	41
5	37	42
5	37	43
5	37	52
5	37	54
5	37	58
5	37	59
5	39	40
5	39	41
5	39	43
5	39	45
5	39	52
5	39	54
5	40	41
5	40	42
5	40	43
5	40	45
5	40	52
5	40	54
5	41	42
5	41	43
5	41	45
5	41	52
5	41	54
5	41	58
5	41	59
5	42	43
5	42	45
5	42	52
5	42	54
5	43	45
5	43	52
5	43	54
5	45	52
5	45	54
5	52	54
5	52	58
5	52	59
5	54	58
5	54	59
5	58	59
6	7	8
6	7	15
6	7	26
6	7	52
6	8	15
6	8	26
6	8	50
6	8	51
6	8	52
6	14	25
6	14	26
6	14	37
6	14	42
6	14	43
6	14	47
6	14	49
6	14	50
6	14	51
6	14	52
6	14	58
6	15	25
6	15	26
6	15	37
6	15	43
6	15	47
6	15	50
6	15	51
6	15	52
6	15	58
6	15	59
6	25	26
6	25	42
6	25	43
6	25	47
6	25	49
6	25	52
6	25	58
6	25	59
6	26	37
6	26	47
6	26	49
6	26	50
6	26	51
6	26	52
6	26	58
6	26	59
6	37	42
6	37	43
6	37	47
6	37	49
6	37	50
6	37	51
6	37	52
6	37	58
6	37	59
6	42	43
6	42	47
6	42	50
6	42	51
6	42	52
6	43	50
6	43	51
6	43	52
6	47	49
6	47	50
6	47	51
6	47	52
6	47	58
6	47	59
6	49	50
6	49	51
6	49	52
6	49	58
6	49	59
6	50	52
6	50	58
6	50	59
6	51	52
6	51	58
6	51	59
6	52	58
6	52	59
6	58	59
7	8	10
7	8	15
7	8	26
7	8	52
7	10	11
7	10	26
7	11	15
7	11	26
7	11	52
7	15	26
7	15	52
7	26	52
8	10	26
8	15	26
8	15	50
8	15	51
8	15	52
8	26	50
8	26	51
8	26	52
8	50	52
8	51	52
9	10	11
9	10	14
9	10	17
9	10	26
9	10	40
9	10	42
9	10	58
9	10	59
9	11	14
9	11	15
9	11	17
9	11	26
9	11	40
9	11	58
9	11	59
9	14	17
9	14	26
9	14	40
9	14	42
9	14	58
9	15	17
9	15	26
9	15	40
9	15	58
9	15	59
9	17	26
9	17	58
9	17	59
9	26	58
9	26	59
9	40	42
9	58	59
10	11	14
10	11	17
10	11	26
10	11	40
10	11	58
10	11	59
10	14	17
10	14	26
10	14	40
10	14	42
10	14	58
10	17	26
10	17	58
10	17	59
10	26	58
10	26	59
10	40	42
10	58	59
11	12	14
11	12	15
11	12	16
11	12	17
11	12	21
11	12	22
11	12	25
11	12	26
11	12	36
11	12	37
11	12	38
11	12	40
11	12	47
11	12	48
11	12	50
11	12	51
11	12	52
11	12	53
11	12	55
11	12	58
11	12	59
11	12	60
11	12	61
11	12	62
11	12	64
11	14	16
11	14	17
11	14	25
11	14	26
11	14	36
11	14	37
11	14	38
11	14	40
11	14	47
11	14	50
11	14	51
11	14	52
11	14	53
11	14	55
11	14	58
11	15	17
11	15	25
11	15	26
11	15	36
11	15	37
11	15	38
11	15	40
11	15	47
11	15	50
11	15	51
11	15	52
11	15	53
11	15	58
11	15	59
11	15	64
11	16	17
11	16	25
11	16	40
11	16	52
11	16	53
11	16	59
11	17	25
11	17	26
11	17	47
11	17	48
11	17	50
11	17	51
11	17	52
11	17	58
11	17	59
11	21	22
11	21	52
11	21	53
11	21	55
11	21	58
11	21	59
11	22	26
11	22	52
11	22	53
11	22	55
11	22	58
11	25	26
11	25	36
11	25	40
11	25	47
11	25	48
11	25	52
11	25	53
11	25	58
11	25	59
11	26	36
11	26	37
11	26	47
11	26	48
11	26	50
11	26	51
11	26	52
11	26	53
11	26	58
11	26	59
11	36	37
11	36	40
11	36	47
11	36	48
11	36	51
11	36	52
11	36	64
11	37	38
11	37	40
11	37	47
11	37	50
11	37	51
11	37	52
11	37	53
11	37	58
11	37	59
11	37	62
11	37	64
11	38	50
11	38	51
11	38	53
11	40	47
11	40	50
11	40	51
11	40	52
11	47	48
11	47	50
11	47	51
11	47	52
11	47	53
11	47	55
11	47	58
11	47	59
11	47	61
11	47	64
11	48	50
11	48	51
11	48	52
11	48	53
11	48	55
11	48	58
11	48	59
11	48	60
11	48	61
11	48	62
11	48	64
11	50	52
11	50	53
11	50	58
11	50	59
11	50	61
11	50	62
11	50	64
11	51	52
11	51	53
11	51	58
11	51	59
11	51	61
11	51	62
11	51	64
11	52	53
11	52	55
11	52	58
11	52	59
11	52	60
11	52	61
11	52	62
11	52	64
11	53	55
11	53	58
11	53	59
11	53	60
11	53	62
11	55	58
11	55	59
11	55	61
11	55	62
11	58	59
11	58	60
11	58	61
11	58	62
11	58	64
11	59	60
11	59	62
11	59	64
11	60	61
11	60	62
11	60	64
11	61	62
11	61	64
11	62	64
12	14	16
12	14	17
12	14	25
12	14	26
12	14	36
12	14	37
12	14	38
12	14	40
12	14	47
12	14	50
12	14	51
12	14	52
12	14	53
12	14	54
12	14	55
12	14	58
12	15	17
12	15	25
12	15	26
12	15	36
12	15	37
12	15	38
12	15	40
12	15	47
12	15	50
12	15	51
12	15	52
12	15	53
12	15	58
12	15	59
12	15	64
12	16	17
12	16	25
12	16	40
12	16	52
12	16	53
12	16	54
12	16	59
12	17	25
12	17	26
12	17	47
12	17	48
12	17	50
12	17	51
12	17	52
12	17	54
12	17	58
12	17	59
12	21	22
12	21	52
12	21	53
12	21	55
12	21	58
12	21	59
12	22	26
12	22	52
12	22	53
12	22	55
12	22	58
12	25	26
12	25	36
12	25	40
12	25	47
12	25	48
12	25	52
12	25	53
12	25	54
12	25	58
12	25	59
12	26	36
12	26	37
12	26	47
12	26	48
12	26	50
12	26	51
12	26	52
12	26	53
12	26	54
12	26	58
12	26	59
12	36	37
12	36	40
12	36	47
12	36	48
12	36	51
12	36	52
12	36	54
12	36	64
12	37	38
12	37	40
12	37	47
12	37	50
12	37	51
12	37	52
12	37	53
12	37	54
12	37	58
12	37	59
12	37	62
12	37	64
12	38	50
12	38	51
12	38	53
12	40	47
12	40	50
12	40	51
12	40	52
12	40	54
12	47	48
12	47	50
12	47	51
12	47	52
12	47	53
12	47	54
12	47	55
12	47	58
12	47	59
12	47	61
12	47	64
12	48	50
12	48	51
12	48	52
12	48	53
12	48	54
12	48	55
12	48	58
12	48	59
12	48	60
12	48	61
12	48	62
12	48	64
12	50	52
12	50	53
12	50	54
12	50	58
12	50	59
12	50	61
12	50	62
12	50	64
12	51	52
12	51	53
12	51	54
12	51	58
12	51	59
12	51	61
12	51	62
12	51	64
12	52	53
12	52	54
12	52	55
12	52	58
12	52	59
12	52	60
12	52	61
12	52	62
12	52	64
12	53	54
12	53	55
12	53	58
12	53	59
12	53	60
12	53	62
12	54	55
12	54	58
12	54	59
12	54	60
12	54	61
12	54	62
12	54	64
12	55	58
12	55	59
12	55	61
12	55	62
12	58	59
12	58	60
12	58	61
12	58	62
12	58	64
12	59	60
12	59	62
12	59	64
12	60	61
12	60	62
12	60	64
12	61	62
12	61	64
12	62	64
14	16	17
14	16	25
14	16	40
14	16	42
14	16	43
14	16	44
14	16	52
14	16	53
14	16	54
14	17	25
14	17	26
14	17	47
14	17	49
14	17	50
14	17	51
14	17	52
14	17	54
14	17	58
14	25	26
14	25	34
14	25	36
14	25	40
14	25	42
14	25	43
14	25	44
14	25	45
14	25	46
14	25	47
14	25	49
14	25	52
14	25	53
14	25	54
14	25	58
14	26	36
14	26	37
14	26	47
14	26	49
14	26	50
14	26	51
14	26	52
14	26	53
14	26	54
14	26	58
14	34	36
14	34	37
14	34	39
14	34	40
14	34	41
14	34	42
14	34	43
14	34	44
14	34	45
14	34	51
14	34	52
14	34	54
14	36	37
14	36	40
14	36	41
14	36	42
14	36	43
14	36	44
14	36	45
14	36	46
14	36	47
14	36	49
14	36	51
14	36	52
14	36	54
14	37	38
14	37	39
14	37	40
14	37	41
14	37	42
14	37	43
14	37	44
14	37	46
14	37	47
14	37	49
14	37	50
14	37	51
14	37	52
14	37	53
14	37	54
14	37	58
14	38	50
14	38	51
14	38	53
14	39	40
14	39	41
14	39	43
14	39	44
14	39	45
14	39	50
14	39	51
14	39	52
14	39	54
14	40	41
14	40	42
14	40	43
14	40	44
14	40	45
14	40	47
14	40	50
14	40	51
14	40	52
14	40	54
14	41	42
14	41	43
14	41	44
14	41	45
14	41	50
14	41	51
14	41	52
14	41	54
14	41	58
14	42	43
14	42	44
14	42	45
14	42	47
14	42	50
14	42	51
14	42	52
14	42	54
14	43	44
14	43	45
14	43	50
14	43	51
14	43	52
14	43	54
14	44	45
14	44	50
14	44	51
14	44	52
14	44	54
14	45	50
14	45	51
14	45	52
14	45	54
14	46	47
14	46	49
14	46	50
14	46	51
14	46	52
14	46	53
14	46	54
14	46	55
14	46	58
14	47	49
14	47	50
14	47	51
14	47	52
14	47	53
14	47	54
14	47	55
14	47	58
14	49	50
14	49	51
14	49	52
14	49	53
14	49	54
14	49	55
14	49	58
14	50	52
14	50	53
14	50	54
14	50	58
14	51	52
14	51	53
14	51	54
14	51	58
14	52	53
14	52	54
14	52	55
14	52	58
14	53	54
14	53	55
14	53	58
14	54	55
14	54	58
14	55	58
15	17	25
15	17	26
15	17	47
15	17	50
15	17	51
15	17	52
15	17	58
15	17	59
15	19	20
15	19	25
15	19	26
15	19	46
15	19	47
15	19	50
15	19	51
15	19	58
15	19	59
15	20	25
15	20	26
15	20	59
15	25	26
15	25	33
15	25	34
15	25	35
15	25	36
15	25	40
15	25	43
15	25	44
15	25	45
15	25	46
15	25	47
15	25	52
15	25	53
15	25	58
15	25	59
15	26	36
15	26	37
15	26	47
15	26	50
15	26	51
15	26	52
15	26	53
15	26	58
15	26	59
15	28	29
15	28	32
15	28	34
15	28	35
15	28	36
15	28	38
15	28	39
15	28	40
15	28	44
15	28	45
15	28	58
15	28	59
15	29	32
15	29	33
15	29	34
15	29	35
15	29	36
15	29	38
15	29	39
15	29	40
15	29	41
15	29	43
15	29	44
15	29	45
15	29	58
15	29	59
15	32	33
15	32	34
15	32	35
15	32	36
15	32	37
15	32	38
15	32	39
15	32	40
15	32	41
15	32	43
15	32	45
15	32	50
15	32	51
15	32	58
15	32	59
15	32	64
15	33	34
15	33	35
15	33	36
15	33	37
15	33	38
15	33	39
15	33	40
15	33	41
15	33	43
15	33	44
15	33	45
15	33	47
15	33	50
15	33	51
15	33	52
15	33	58
15	33	59
15	33	64
15	34	35
15	34	36
15	34	37
15	34	39
15	34	40
15	34	41
15	34	43
15	34	44
15	34	45
15	34	51
15	34	52
15	34	64
15	35	36
15	35	39
15	35	40
15	35	41
15	35	43
15	35	44
15	35	45
15	35	51
15	35	52
15	35	58
15	35	59
15	35	64
15	36	37
15	36	40
15	36	41
15	36	43
15	36	44
15	36	45
15	36	46
15	36	47
15	36	51
15	36	52
15	36	64
15	37	38
15	37	39
15	37	40
15	37	41
15	37	43
15	37	44
15	37	46
15	37	47
15	37	50
15	37	51
15	37	52
15	37	53
15	37	58
15	37	59
15	37	64
15	38	50
15	38	51
15	38	53
15	39	40
15	39	41
15	39	43
15	39	44
15	39	45
15	39	50
15	39	51
15	39	52
15	40	41
15	40	43
15	40	44
15	40	45
15	40	47
15	40	50
15	40	51
15	40	52
15	41	43
15	41	44
15	41	45
15	41	50
15	41	51
15	41	52
15	41	58
15	41	59
15	43	44
15	43	45
15	43	50
15	43	51
15	43	52
15	44	45
15	44	50
15	44	51
15	44	52
15	45	50
15	45	51
15	45	52
15	46	47
15	46	50
15	46	51
15	46	52
15	46	53
15	46	58
15	46	59
15	46	64
15	47	50
15	47	51
15	47	52
15	47	53
15	47	58
15	47	59
15	47	64
15	50	52
15	50	53
15	50	58
15	50	59
15	50	64
15	51	52
15	51	53
15	51	58
15	51	59
15	51	64
15	52	53
15	52	58
15	52	59
15	52	64
15	53	58
15	53	59
15	58	59
15	58	64
15	59	64
16	17	25
16	17	52
16	17	54
16	17	59
16	25	40
16	25	42
16	25	43
16	25	44
16	25	52
16	25	53
16	25	54
16	25	59
16	40	42
16	40	43
16	40	44
16	40	52
16	40	54
16	42	43
16	42	44
16	42	52
16	42	54
16	43	44
16	43	52
16	43	54
16	44	52
16	44	54
16	52	53
16	52	54
16	52	59
16	53	54
16	53	59
16	54	59
17	25	26
17	25	47
17	25	48
17	25	49
17	25	52
17	25	54
17	25	58
17	25	59
17	26	47
17	26	48
17	26	49
17	26	50
17	26	51
17	26	52
17	26	54
17	26	58
17	26	59
17	47	48
17	47	49
17	47	50
17	47	51
17	47	52
17	47	54
17	47	58
17	47	59
17	48	49
17	48	50
17	48	51
17	48	52
17	48	54
17	48	58
17	48	59
17	49	50
17	49	51
17	49	52
17	49	54
17	49	58
17	49	59
17	50	52
17	50	54
17	50	58
17	50	59
17	51	52
17	51	54
17	51	58
17	51	59
17	52	54
17	52	58
17	52	59
17	54	58
17	54	59
17	58	59
18	19	20
18	19	21
18	19	22
18	19	23
18	19	25
18	19	26
18	19	27
18	19	50
18	19	51
18	19	58
18	19	59
18	20	21
18	20	22
18	20	23
18	20	24
18	20	25
18	20	26
18	20	59
18	21	22
18	21	23
18	21	58
18	21	59
18	22	23
18	22	24
18	22	26
18	22	27
18	22	58
18	23	24
18	23	26
18	23	27
18	23	59
18	24	26
18	25	26
18	25	58
18	25	59
18	26	27
18	26	50
18	26	51
18	26	58
18	26	59
18	27	50
18	27	51
18	27	58
18	27	59
18	50	58
18	50	59
18	51	58
18	51	59
18	58	59
19	20	21
19	20	22
19	20	23
19	20	25
19	20	26
19	20	59
19	21	22
19	21	23
19	21	58
19	21	59
19	22	23
19	22	26
19	22	27
19	22	58
19	23	26
19	23	27
19	23	59
19	25	26
19	25	46
19	25	47
19	25	48
19	25	49
19	25	58
19	25	59
19	26	27
19	26	47
19	26	48
19	26	49
19	26	50
19	26	51
19	26	58
19	26	59
19	27	46
19	27	47
19	27	48
19	27	50
19	27	51
19	27	58
19	27	59
19	46	47
19	46	48
19	46	49
19	46	50
19	46	51
19	46	58
19	46	59
19	47	48
19	47	49
19	47	50
19	47	51
19	47	58
19	47	59
19	48	49
19	48	50
19	48	51
19	48	58
19	48	59
19	49	50
19	49	51
19	49	58
19	49	59
19	50	58
19	50	59
19	51	58
19	51	59
19	58	59
20	21	22
20	21	23
20	21	59
20	22	23
20	22	24
20	22	26
20	23	24
20	23	26
20	23	59
20	24	26
20	25	26
20	25	59
20	26	59
21	22	23
21	22	52
21	22	53
21	22	55
21	22	58
21	23	53
21	23	59
21	52	53
21	52	55
21	52	58
21	52	59
21	53	55
21	53	58
21	53	59
21	55	58
21	55	59
21	58	59
22	23	24
22	23	26
22	23	27
22	23	53
22	24	26
22	26	27
22	26	52
22	26	53
22	26	58
22	27	58
22	52	53
22	52	55
22	52	58
22	53	55
22	53	58
22	55	58
23	24	26
23	26	27
23	26	53
23	26	59
23	27	59
23	53	59
25	26	36
25	26	47
25	26	48
25	26	49
25	26	52
25	26	53
25	26	54
25	26	58
25	26	59
25	33	34
25	33	35
25	33	36
25	33	40
25	33	43
25	33	44
25	33	45
25	33	47
25	33	48
25	33	49
25	33	52
25	33	54
25	33	58
25	33	59
25	34	35
25	34	36
25	34	40
25	34	42
25	34	43
25	34	44
25	34	45
25	34	52
25	34	54
25	35	36
25	35	40
25	35	42
25	35	43
25	35	44
25	35	45
25	35	52
25	35	54
25	35	58
25	35	59
25	36	40
25	36	42
25	36	43
25	36	44
25	36	45
25	36	46
25	36	47
25	36	48
25	36	49
25	36	52
25	36	54
25	40	42
25	40	43
25	40	44
25	40	45
25	40	47
25	40	52
25	40	54
25	42	43
25	42	44
25	42	45
25	42	47
25	42	52
25	42	54
25	43	44
25	43	45
25	43	52
25	43	54
25	44	45
25	44	52
25	44	54
25	45	52
25	45	54
25	46	47
25	46	48
25	46	49
25	46	52
25	46	53
25	46	54
25	46	58
25	46	59
25	47	48
25	47	49
25	47	52
25	47	53
25	47	54
25	47	58
25	47	59
25	48	49
25	48	52
25	48	53
25	48	54
25	48	58
25	48	59
25	49	52
25	49	53
25	49	54
25	49	58
25	49	59
25	52	53
25	52	54
25	52	58
25	52	59
25	53	54
25	53	58
25	53	59
25	54	58
25	54	59
25	58	59
26	27	47
26	27	48
26	27	50
26	27	51
26	27	58
26	27	59
26	36	37
26	36	47
26	36	48
26	36	49
26	36	51
26	36	52
26	36	54
26	37	47
26	37	49
26	37	50
26	37	51
26	37	52
26	37	53
26	37	54
26	37	58
26	37	59
26	47	48
26	47	49
26	47	50
26	47	51
26	47	52
26	47	53
26	47	54
26	47	58
26	47	59
26	48	49
26	48	50
26	48	51
26	48	52
26	48	53
26	48	54
26	48	58
26	48	59
26	49	50
26	49	51
26	49	52
26	49	53
26	49	54
26	49	58
26	49	59
26	50	52
26	50	53
26	50	54
26	50	58
26	50	59
26	51	52
26	51	53
26	51	54
26	51	58
26	51	59
26	52	53
26	52	54
26	52	58
26	52	59
26	53	54
26	53	58
26	53	59
26	54	58
26	54	59
26	58	59
27	46	47
27	46	48
27	46	50
27	46	51
27	46	56
27	46	58
27	46	59
27	46	64
27	47	48
27	47	50
27	47	51
27	47	56
27	47	58
27	47	59
27	47	64
27	48	50
27	48	51
27	48	56
27	48	58
27	48	59
27	48	64
27	50	56
27	50	58
27	50	59
27	50	64
27	51	56
27	51	58
27	51	59
27	51	64
27	56	58
27	56	59
27	56	64
27	58	59
27	58	64
27	59	64
28	29	30
28	29	31
28	29	32
28	29	34
28	29	35
28	29	36
28	29	38
28	29	39
28	29	40
28	29	44
28	29	45
28	29	58
28	29	59
28	30	31
28	30	32
28	30	34
28	30	35
28	30	36
28	30	39
28	30	40
28	30	44
28	30	45
28	30	58
28	30	59
28	31	32
28	31	34
28	31	35
28	31	36
28	31	39
28	31	40
28	31	44
28	31	45
28	31	58
28	31	59
28	32	34
28	32	35
28	32	36
28	32	38
28	32	39
28	32	40
28	32	45
28	32	58
28	32	59
28	34	35
28	34	36
28	34	39
28	34	40
28	34	44
28	34	45
28	35	36
28	35	39
28	35	40
28	35	44
28	35	45
28	35	58
28	35	59
28	36	40
28	36	44
28	36	45
28	39	40
28	39	44
28	39	45
28	40	44
28	40	45
28	44	45
28	58	59
29	30	31
29	30	32
29	30	34
29	30	35
29	30	36
29	30	39
29	30	40
29	30	41
29	30	43
29	30	44
29	30	45
29	30	58
29	30	59
29	31	32
29	31	34
29	31	35
29	31	36
29	31	39
29	31	40
29	31	42
29	31	43
29	31	44
29	31	45
29	31	58
29	31	59
29	32	33
29	32	34
29	32	35
29	32	36
29	32	38
29	32	39
29	32	40
29	32	41
29	32	43
29	32	45
29	32	58
29	32	59
29	33	34
29	33	35
29	33	36
29	33	38
29	33	39
29	33	40
29	33	41
29	33	43
29	33	44
29	33	45
29	33	58
29	33	59
29	34	35
29	34	36
29	34	39
29	34	40
29	34	41
29	34	42
29	34	43
29	34	44
29	34	45
29	35	36
29	35	39
29	35	40
29	35	41
29	35	42
29	35	43
29	35	44
29	35	45
29	35	58
29	35	59
29	36	40
29	36	41
29	36	42
29	36	43
29	36	44
29	36	45
29	39	40
29	39	41
29	39	43
29	39	44
29	39	45
29	40	41
29	40	42
29	40	43
29	40	44
29	40	45
29	41	42
29	41	43
29	41	44
29	41	45
29	41	58
29	41	59
29	42	43
29	42	44
29	42	45
29	43	44
29	43	45
29	44	45
29	58	59
30	31	32
30	31	34
30	31	35
30	31	36
30	31	37
30	31	39
30	31	40
30	31	43
30	31	44
30	31	45
30	31	58
30	31	59
30	32	34
30	32	35
30	32	36
30	32	37
30	32	39
30	32	40
30	32	41
30	32	43
30	32	45
30	32	58
30	32	59
30	34	35
30	34	36
30	34	37
30	34	39
30	34	40
30	34	41
30	34	43
30	34	44
30	34	45
30	35	36
30	35	39
30	35	40
30	35	41
30	35	43
30	35	44
30	35	45
30	35	58
30	35	59
30	36	37
30	36	40
30	36	41
30	36	43
30	36	44
30	36	45
30	37	39
30	37	40
30	37	41
30	37	43
30	37	44
30	37	58
30	37	59
30	39	40
30	39	41
30	39	43
30	39	44
30	39	45
30	40	41
30	40	43
30	40	44
30	40	45
30	41	43
30	41	44
30	41	45
30	41	58
30	41	59
30	43	44
30	43	45
30	44	45
30	58	59
31	32	34
31	32	35
31	32	36
31	32	37
31	32	39
31	32	40
31	32	43
31	32	45
31	32	50
31	32	51
31	32	58
31	32	59
31	34	35
31	34	36
31	34	37
31	34	39
31	34	40
31	34	42
31	34	43
31	34	44
31	34	45
31	34	51
31	35	36
31	35	39
31	35	40
31	35	42
31	35	43
31	35	44
31	35	45
31	35	51
31	35	58
31	35	59
31	36	37
31	36	40
31	36	42
31	36	43
31	36	44
31	36	45
31	36	51
31	37	39
31	37	40
31	37	42
31	37	43
31	37	44
31	37	50
31	37	51
31	37	58
31	37	59
31	39	40
31	39	43
31	39	44
31	39	45
31	39	50
31	39	51
31	40	42
31	40	43
31	40	44
31	40	45
31	40	50
31	40	51
31	42	43
31	42	44
31	42	45
31	42	50
31	42	51
31	43	44
31	43	45
31	43	50
31	43	51
31	44	45
31	44	50
31	44	51
31	45	50
31	45	51
31	50	58
31	50	59
31	51	58
31	51	59
31	58	59
32	33	34
32	33	35
32	33	36
32	33	37
32	33	38
32	33	39
32	33	40
32	33	41
32	33	43
32	33	45
32	33	50
32	33	51
32	33	58
32	33	59
32	33	64
32	34	35
32	34	36
32	34	37
32	34	39
32	34	40
32	34	41
32	34	43
32	34	45
32	34	51
32	34	64
32	35	36
32	35	39
32	35	40
32	35	41
32	35	43
32	35	45
32	35	51
32	35	58
32	35	59
32	35	64
32	36	37
32	36	40
32	36	41
32	36	43
32	36	45
32	36	51
32	36	64
32	37	38
32	37	39
32	37	40
32	37	41
32	37	43
32	37	50
32	37	51
32	37	58
32	37	59
32	37	64
32	38	50
32	38	51
32	39	40
32	39	41
32	39	43
32	39	45
32	39	50
32	39	51
32	40	41
32	40	43
32	40	45
32	40	50
32	40	51
32	41	43
32	41	45
32	41	50
32	41	51
32	41	58
32	41	59
32	43	45
32	43	50
32	43	51
32	45	50
32	45	51
32	50	58
32	50	59
32	50	64
32	51	58
32	51	59
32	51	64
32	58	59
32	58	64
32	59	64
33	34	35
33	34	36
33	34	37
33	34	39
33	34	40
33	34	41
33	34	43
33	34	44
33	34	45
33	34	51
33	34	52
33	34	54
33	34	64
33	35	36
33	35	39
33	35	40
33	35	41
33	35	43
33	35	44
33	35	45
33	35	51
33	35	52
33	35	54
33	35	58
33	35	59
33	35	64
33	36	37
33	36	40
33	36	41
33	36	43
33	36	44
33	36	45
33	36	47
33	36	48
33	36	49
33	36	51
33	36	52
33	36	54
33	36	64
33	37	38
33	37	39
33	37	40
33	37	41
33	37	43
33	37	44
33	37	47
33	37	49
33	37	50
33	37	51
33	37	52
33	37	54
33	37	58
33	37	59
33	37	64
33	38	50
33	38	51
33	39	40
33	39	41
33	39	43
33	39	44
33	39	45
33	39	50
33	39	51
33	39	52
33	39	54
33	40	41
33	40	43
33	40	44
33	40	45
33	40	47
33	40	50
33	40	51
33	40	52
33	40	54
33	41	43
33	41	44
33	41	45
33	41	50
33	41	51
33	41	52
33	41	54
33	41	58
33	41	59
33	43	44
33	43	45
33	43	50
33	43	51
33	43	52
33	43	54
33	44	45
33	44	50
33	44	51
33	44	52
33	44	54
33	45	50
33	45	51
33	45	52
33	45	54
33	47	48
33	47	49
33	47	50
33	47	51
33	47	52
33	47	54
33	47	58
33	47	59
33	47	64
33	48	49
33	48	50
33	48	51
33	48	52
33	48	54
33	48	58
33	48	59
33	48	64
33	49	50
33	49	51
33	49	52
33	49	54
33	49	58
33	49	59
33	49	64
33	50	52
33	50	54
33	50	58
33	50	59
33	50	64
33	51	52
33	51	54
33	51	58
33	51	59
33	51	64
33	52	54
33	52	58
33	52	59
33	52	64
33	54	58
33	54	59
33	54	64
33	58	59
33	58	64
33	59	64
34	35	36
34	35	39
34	35	40
34	35	41
34	35	42
34	35	43
34	35	44
34	35	45
34	35	51
34	35	52
34	35	54
34	35	64
34	36	37
34	36	40
34	36	41
34	36	42
34	36	43
34	36	44
34	36	45
34	36	51
34	36	52
34	36	54
34	36	64
34	37	39
34	37	40
34	37	41
34	37	42
34	37	43
34	37	44
34	37	51
34	37	52
34	37	54
34	37	64
34	39	40
34	39	41
34	39	43
34	39	44
34	39	45
34	39	51
34	39	52
34	39	54
34	40	41
34	40	42
34	40	43
34	40	44
34	40	45
34	40	51
34	40	52
34	40	54
34	41	42
34	41	43
34	41	44
34	41	45
34	41	51
34	41	52
34	41	54
34	42	43
34	42	44
34	42	45
34	42	51
34	42	52
34	42	54
34	43	44
34	43	45
34	43	51
34	43	52
34	43	54
34	44	45
34	44	51
34	44	52
34	44	54
34	45	51
34	45	52
34	45	54
34	51	52
34	51	54
34	51	64
34	52	54
34	52	64
34	54	64
35	36	40
35	36	41
35	36	42
35	36	43
35	36	44
35	36	45
35	36	51
35	36	52
35	36	54
35	36	64
35	39	40
35	39	41
35	39	43
35	39	44
35	39	45
35	39	51
35	39	52
35	39	54
35	40	41
35	40	42
35	40	43
35	40	44
35	40	45
35	40	51
35	40	52
35	40	54
35	41	42
35	41	43
35	41	44
35	41	45
35	41	51
35	41	52
35	41	54
35	41	58
35	41	59
35	42	43
35	42	44
35	42	45
35	42	51
35	42	52
35	42	54
35	43	44
35	43	45
35	43	51
35	43	52
35	43	54
35	44	45
35	44	51
35	44	52
35	44	54
35	45	51
35	45	52
35	45	54
35	51	52
35	51	54
35	51	58
35	51	59
35	51	62
35	51	64
35	52	54
35	52	58
35	52	59
35	52	62
35	52	64
35	54	58
35	54	59
35	54	62
35	54	64
35	58	59
35	58	62
35	58	64
35	59	62
35	59	64
35	62	64
36	37	40
36	37	41
36	37	42
36	37	43
36	37	44
36	37	46
36	37	47
36	37	49
36	37	51
36	37	52
36	37	54
36	37	56
36	37	64
36	40	41
36	40	42
36	40	43
36	40	44
36	40	45
36	40	47
36	40	51
36	40	52
36	40	54
36	41	42
36	41	43
36	41	44
36	41	45
36	41	51
36	41	52
36	41	54
36	42	43
36	42	44
36	42	45
36	42	47
36	42	51
36	42	52
36	42	54
36	43	44
36	43	45
36	43	51
36	43	52
36	43	54
36	44	45
36	44	51
36	44	52
36	44	54
36	45	51
36	45	52
36	45	54
36	46	47
36	46	48
36	46	49
36	46	51
36	46	52
36	46	54
36	46	56
36	46	64
36	47	48
36	47	49
36	47	51
36	47	52
36	47	54
36	47	56
36	47	64
36	48	49
36	48	51
36	48	52
36	48	54
36	48	56
36	48	64
36	49	51
36	49	52
36	49	54
36	49	56
36	49	64
36	51	52
36	51	54
36	51	56
36	51	64
36	52	54
36	52	56
36	52	64
36	54	56
36	54	64
36	56	64
37	38	50
37	38	51
37	38	53
37	39	40
37	39	41
37	39	43
37	39	44
37	39	50
37	39	51
37	39	52
37	39	54
37	40	41
37	40	42
37	40	43
37	40	44
37	40	47
37	40	50
37	40	51
37	40	52
37	40	54
37	41	42
37	41	43
37	41	44
37	41	50
37	41	51
37	41	52
37	41	54
37	41	58
37	41	59
37	42	43
37	42	44
37	42	47
37	42	50
37	42	51
37	42	52
37	42	54
37	43	44
37	43	50
37	43	51
37	43	52
37	43	54
37	44	50
37	44	51
37	44	52
37	44	54
37	46	47
37	46	49
37	46	50
37	46	51
37	46	52
37	46	53
37	46	54
37	46	56
37	46	57
37	46	58
37	46	59
37	46	62
37	46	64
37	47	49
37	47	50
37	47	51
37	47	52
37	47	53
37	47	54
37	47	56
37	47	57
37	47	58
37	47	59
37	47	64
37	49	50
37	49	51
37	49	52
37	49	53
37	49	54
37	49	56
37	49	57
37	49	58
37	49	59
37	49	62
37	49	64
37	50	52
37	50	53
37	50	54
37	50	56
37	50	57
37	50	58
37	50	59
37	50	62
37	50	64
37	51	52
37	51	53
37	51	54
37	51	56
37	51	57
37	51	58
37	51	59
37	51	62
37	51	64
37	52	53
37	52	54
37	52	56
37	52	57
37	52	58
37	52	59
37	52	62
37	52	64
37	53	54
37	53	56
37	53	57
37	53	58
37	53	59
37	53	62
37	54	56
37	54	57
37	54	58
37	54	59
37	54	62
37	54	64
37	56	57
37	56	58
37	56	59
37	56	62
37	56	64
37	57	58
37	57	59
37	57	62
37	57	64
37	58	59
37	58	62
37	58	64
37	59	62
37	59	64
37	62	64
38	50	53
38	51	53
39	40	41
39	40	43
39	40	44
39	40	45
39	40	50
39	40	51
39	40	52
39	40	54
39	41	43
39	41	44
39	41	45
39	41	50
39	41	51
39	41	52
39	41	54
39	43	44
39	43	45
39	43	50
39	43	51
39	43	52
39	43	54
39	44	45
39	44	50
39	44	51
39	44	52
39	44	54
39	45	50
39	45	51
39	45	52
39	45	54
39	50	52
39	50	54
39	51	52
39	51	54
39	52	54
40	41	42
40	41	43
40	41	44
40	41	45
40	41	50
40	41	51
40	41	52
40	41	54
40	42	43
40	42	44
40	42	45
40	42	47
40	42	50
40	42	51
40	42	52
40	42	54
40	43	44
40	43	45
40	43	50
40	43	51
40	43	52
40	43	54
40	44	45
40	44	50
40	44	51
40	44	52
40	44	54
40	45	50
40	45	51
40	45	52
40	45	54
40	47	50
40	47	51
40	47	52
40	47	54
40	50	52
40	50	54
40	51	52
40	51	54
40	52	54
41	42	43
41	42	44
41	42	45
41	42	50
41	42	51
41	42	52
41	42	54
41	43	44
41	43	45
41	43	50
41	43	51
41	43	52
41	43	54
41	44	45
41	44	50
41	44	51
41	44	52
41	44	54
41	45	50
41	45	51
41	45	52
41	45	54
41	50	52
41	50	54
41	50	58
41	50	59
41	51	52
41	51	54
41	51	58
41	51	59
41	52	54
41	52	58
41	52	59
41	54	58
41	54	59
41	58	59
42	43	44
42	43	45
42	43	50
42	43	51
42	43	52
42	43	54
42	44	45
42	44	50
42	44	51
42	44	52
42	44	54
42	45	50
42	45	51
42	45	52
42	45	54
42	47	50
42	47	51
42	47	52
42	47	54
42	50	52
42	50	54
42	51	52
42	51	54
42	52	54
43	44	45
43	44	50
43	44	51
43	44	52
43	44	54
43	45	50
43	45	51
43	45	52
43	45	54
43	50	52
43	50	54
43	51	52
43	51	54
43	52	54
44	45	50
44	45	51
44	45	52
44	45	54
44	50	52
44	50	54
44	51	52
44	51	54
44	52	54
45	50	52
45	50	54
45	51	52
45	51	54
45	52	54
46	47	48
46	47	49
46	47	50
46	47	51
46	47	52
46	47	53
46	47	54
46	47	55
46	47	56
46	47	57
46	47	58
46	47	59
46	47	61
46	47	64
46	48	49
46	48	50
46	48	51
46	48	52
46	48	53
46	48	54
46	48	55
46	48	56
46	48	57
46	48	58
46	48	59
46	48	60
46	48	61
46	48	62
46	48	64
46	49	50
46	49	51
46	49	52
46	49	53
46	49	54
46	49	55
46	49	56
46	49	57
46	49	58
46	49	59
46	49	60
46	49	62
46	49	64
46	50	52
46	50	53
46	50	54
46	50	56
46	50	57
46	50	58
46	50	59
46	50	61
46	50	62
46	50	64
46	51	52
46	51	53
46	51	54
46	51	56
46	51	57
46	51	58
46	51	59
46	51	61
46	51	62
46	51	64
46	52	53
46	52	54
46	52	55
46	52	56
46	52	57
46	52	58
46	52	59
46	52	60
46	52	61
46	52	62
46	52	64
46	53	54
46	53	55
46	53	56
46	53	57
46	53	58
46	53	59
46	53	60
46	53	62
46	54	55
46	54	56
46	54	57
46	54	58
46	54	59
46	54	60
46	54	61
46	54	62
46	54	64
46	55	56
46	55	58
46	55	59
46	55	61
46	55	62
46	56	57
46	56	58
46	56	59
46	56	60
46	56	61
46	56	62
46	56	64
46	57	58
46	57	59
46	57	60
46	57	61
46	57	62
46	57	64
46	58	59
46	58	60
46	58	61
46	58	62
46	58	64
46	59	60
46	59	62
46	59	64
46	60	61
46	60	62
46	60	64
46	61	62
46	61	64
46	62	64
47	48	49
47	48	50
47	48	51
47	48	52
47	48	53
47	48	54
47	48	55
47	48	56
47	48	57
47	48	58
47	48	59
47	48	61
47	48	64
47	49	50
47	49	51
47	49	52
47	49	53
47	49	54
47	49	55
47	49	56
47	49	57
47	49	58
47	49	59
47	49	64
47	50	52
47	50	53
47	50	54
47	50	56
47	50	57
47	50	58
47	50	59
47	50	61
47	50	64
47	51	52
47	51	53
47	51	54
47	51	56
47	51	57
47	51	58
47	51	59
47	51	61
47	51	64
47	52	53
47	52	54
47	52	55
47	52	56
47	52	57
47	52	58
47	52	59
47	52	61
47	52	64
47	53	54
47	53	55
47	53	56
47	53	57
47	53	58
47	53	59
47	54	55
47	54	56
47	54	57
47	54	58
47	54	59
47	54	61
47	54	64
47	55	56
47	55	58
47	55	59
47	55	61
47	56	57
47	56	58
47	56	59
47	56	61
47	56	64
47	57	58
47	57	59
47	57	61
47	57	64
47	58	59
47	58	61
47	58	64
47	59	64
47	61	64
48	49	50
48	49	51
48	49	52
48	49	53
48	49	54
48	49	55
48	49	56
48	49	57
48	49	58
48	49	59
48	49	60
48	49	62
48	49	64
48	50	52
48	50	53
48	50	54
48	50	56
48	50	57
48	50	58
48	50	59
48	50	61
48	50	62
48	50	64
48	51	52
48	51	53
48	51	54
48	51	56
48	51	57
48	51	58
48	51	59
48	51	61
48	51	62
48	51	64
48	52	53
48	52	54
48	52	55
48	52	56
48	52	57
48	52	58
48	52	59
48	52	60
48	52	61
48	52	62
48	52	64
48	53	54
48	53	55
48	53	56
48	53	57
48	53	58
48	53	59
48	53	60
48	53	62
48	54	55
48	54	56
48	54	57
48	54	58
48	54	59
48	54	60
48	54	61
48	54	62
48	54	64
48	55	56
48	55	58
48	55	59
48	55	61
48	55	62
48	56	57
48	56	58
48	56	59
48	56	60
48	56	61
48	56	62
48	56	64
48	57	58
48	57	59
48	57	60
48	57	61
48	57	62
48	57	64
48	58	59
48	58	60
48	58	61
48	58	62
48	58	64
48	59	60
48	59	62
48	59	64
48	60	61
48	60	62
48	60	64
48	61	62
48	61	64
48	62	64
49	50	52
49	50	53
49	50	54
49	50	56
49	50	57
49	50	58
49	50	59
49	50	62
49	50	64
49	51	52
49	51	53
49	51	54
49	51	56
49	51	57
49	51	58
49	51	59
49	51	62
49	51	64
49	52	53
49	52	54
49	52	55
49	52	56
49	52	57
49	52	58
49	52	59
49	52	60
49	52	62
49	52	64
49	53	54
49	53	55
49	53	56
49	53	57
49	53	58
49	53	59
49	53	60
49	53	62
49	54	55
49	54	56
49	54	57
49	54	58
49	54	59
49	54	60
49	54	62
49	54	64
49	55	56
49	55	58
49	55	59
49	55	62
49	56	57
49	56	58
49	56	59
49	56	60
49	56	62
49	56	64
49	57	58
49	57	59
49	57	60
49	57	62
49	57	64
49	58	59
49	58	60
49	58	62
49	58	64
49	59	60
49	59	62
49	59	64
49	60	62
49	60	64
49	62	64
50	52	53
50	52	54
50	52	56
50	52	57
50	52	58
50	52	59
50	52	61
50	52	62
50	52	64
50	53	54
50	53	56
50	53	57
50	53	58
50	53	59
50	53	62
50	54	56
50	54	57
50	54	58
50	54	59
50	54	61
50	54	62
50	54	64
50	56	57
50	56	58
50	56	59
50	56	61
50	56	62
50	56	64
50	57	58
50	57	59
50	57	61
50	57	62
50	57	64
50	58	59
50	58	61
50	58	62
50	58	64
50	59	62
50	59	64
50	61	62
50	61	64
50	62	64
51	52	53
51	52	54
51	52	56
51	52	57
51	52	58
51	52	59
51	52	61
51	52	62
51	52	64
51	53	54
51	53	56
51	53	57
51	53	58
51	53	59
51	53	62
51	54	56
51	54	57
51	54	58
51	54	59
51	54	61
51	54	62
51	54	64
51	56	57
51	56	58
51	56	59
51	56	61
51	56	62
51	56	64
51	57	58
51	57	59
51	57	61
51	57	62
51	57	64
51	58	59
51	58	61
51	58	62
51	58	64
51	59	62
51	59	64
51	61	62
51	61	64
51	62	64
52	53	54
52	53	55
52	53	56
52	53	57
52	53	58
52	53	59
52	53	60
52	53	62
52	54	55
52	54	56
52	54	57
52	54	58
52	54	59
52	54	60
52	54	61
52	54	62
52	54	64
52	55	56
52	55	58
52	55	59
52	55	61
52	55	62
52	56	57
52	56	58
52	56	59
52	56	60
52	56	61
52	56	62
52	56	64
52	57	58
52	57	59
52	57	60
52	57	61
52	57	62
52	57	64
52	58	59
52	58	60
52	58	61
52	58	62
52	58	64
52	59	60
52	59	62
52	59	64
52	60	61
52	60	62
52	60	64
52	61	62
52	61	64
52	62	64
53	54	55
53	54	56
53	54	57
53	54	58
53	54	59
53	54	60
53	54	62
53	55	56
53	55	58
53	55	59
53	55	62
53	56	57
53	56	58
53	56	59
53	56	60
53	56	62
53	57	58
53	57	59
53	57	60
53	57	62
53	58	59
53	58	60
53	58	62
53	59	60
53	59	62
53	60	62
54	55	56
54	55	58
54	55	59
54	55	61
54	55	62
54	56	57
54	56	58
54	56	59
54	56	60
54	56	61
54	56	62
54	56	64
54	57	58
54	57	59
54	57	60
54	57	61
54	57	62
54	57	64
54	58	59
54	58	60
54	58	61
54	58	62
54	58	64
54	59	60
54	59	62
54	59	64
54	60	61
54	60	62
54	60	64
54	61	62
54	61	64
54	62	64
55	56	58
55	56	59
55	56	61
55	56	62
55	58	59
55	58	61
55	58	62
55	59	62
55	61	62
56	57	58
56	57	59
56	57	60
56	57	61
56	57	62
56	57	64
56	58	59
56	58	60
56	58	61
56	58	62
56	58	64
56	59	60
56	59	62
56	59	64
56	60	61
56	60	62
56	60	64
56	61	62
56	61	64
56	62	64
57	58	59
57	58	60
57	58	61
57	58	62
57	58	64
57	59	60
57	59	62
57	59	64
57	60	61
57	60	62
57	60	64
57	61	62
57	61	64
57	62	64
58	59	60
58	59	62
58	59	64
58	60	61
58	60	62
58	60	64
58	61	62
58	61	63
58	61	64
58	62	63
58	62	64
58	63	64
59	60	62
59	60	64
59	62	64
60	61	62
60	61	64
60	62	64
61	62	63
61	62	64
61	63	64
62	63	64
